Acinonyx_jubatus -4.40266570550632 4.26809750750759 -3.86714122927493 -8.33198117377441 -10.5184952761545 -12.2206308198009 -6.39588698409186 -4.55375141452743 1.94066838473551
Acratocnus_odontrigonus -14.9617029222396 -5.29424796434203 1.2794323103699 15.5797485109837 -3.11684320137016 -3.07840853407857 4.99563648456931 2.98333266412285 4.07653911496119
Adapis_magnus -6.96278134115126 -12.9977145584153 0.309396870391084 3.51425993423026 0.851788570829326 0.417130197445027 9.91222641581353 -1.20124450322157 -0.792225886985611
Adinotherium_ovinum -10.3756422866911 -3.35323311832468 24.8666837212804 21.8566756314695 6.77203705019194 16.069380326364 10.0881939400002 0.786796381630435 10.4497809703582
Aelurocyon_sp 2.32422837583426 1.23531290422543 -15.1562490150712 -10.7182280782476 3.16465967717513 13.6816016299934 -6.66085146067155 -2.67106882043485 4.69359290563704
Aepyceros_melampus -20.0596119006637 2.90520286133587 10.6029203067113 0.932576404942023 -7.98288132881391 -3.51929556707449 1.40290521688253 0.262240349617017 -1.72437014813668
Aetiocetus_cotylalveus 22.7778663443302 -1.52861164404268 -13.4155167691797 32.2599528743976 -4.48929377364277 -0.872478557567222 1.88789551471369 -2.57225591792298 5.24064120210686
Agriochoerus_sp -25.4112510810067 -1.97262253620842 4.32460226065763 1.89140400574531 5.28876145704753 -8.69874528827364 0.649651056508457 -6.80725900438665 -3.14877046906644
Ailuropoda_melanoleuca 3.98251620519765 -2.82575189816875 -5.66167716404792 7.37278934828847 -15.7883685527344 1.73840009633746 -6.22211325002677 -3.14880776859293 1.42387110131241
Ailurus_fulgens 3.96000386992288 -1.8285564551279 -9.28832259929887 -10.6627926737703 -9.44244774750431 -5.37173026165592 -2.84619744152488 -2.38021919971541 1.13462070720142
Aletomeryx_scotti -28.6658310652074 -4.02020370539408 10.4944110935398 1.31780088236418 -8.28309867534413 -1.85511401135298 -4.89515609879975 0.730110193634709 -3.7577483332271
Allodesmus_gracilis -0.325241589538282 0.592837382271122 9.10609421981072 -2.46648756534807 5.85493364357508 4.5400812798371 -6.96669230287274 0.995298755508357 -2.69801196837331
Alouatta_palliata 31.2632026230245 -11.8777431206626 3.58513410274751 -2.47733176607239 4.63143262404588 -7.2337810052311 -3.81779813165138 3.78620709874975 -0.612023191664737
Amblysomus_hottentotus 18.3244848957374 4.32745939667561 22.0878251495081 49.1744789087857 -3.82223759908801 8.40770826381886 8.98948413254206 -6.25266733046767 -0.164509763603349
Anchitherium_agalensis -37.4459316617017 6.00079171083711 2.97892860929449 -3.41425649619095 -7.45928932535305 -4.8862440295338 2.65821579264075 3.15706315375331 -1.05977704550587
Anomalurus_beecrofti 16.0031198253802 -17.6172002032379 10.4336486115641 -20.5745892081995 -9.17512239024197 -12.42937876531 3.95847064065855 -3.97547321613697 5.36522255419059
Anoplotherium_commune -36.585141668258 18.990228907278 0.0335312943679348 -9.30878631148638 0.000362167615475923 -3.31604395454789 0.0770460961215106 1.86867978944131 -0.932733980358589
Antilocapra_americana -16.306587169324 6.31050740327622 -3.69292319413583 5.11487906019566 -13.7212337909581 -2.33198684524927 -1.985972872362 -0.457398311393329 -2.85087151607552
Aotus_trivirgatus 48.8484488820163 1.8858402128041 -2.88906323497646 -9.78165232586101 -0.744129338285636 -4.76681715277272 2.32484372900993 3.05484251725599 -4.20593984416396
Apternodus_brevirostris -11.4521492113202 -24.2646064263783 12.5511655308354 21.5659192946323 3.59307820360752 3.24604717513652 -2.46601969864531 9.28953242637661 -2.4292895316539
Archaeolemur_edwardsi 23.7106637376248 -20.7536756137975 -5.45994055677964 -2.10968952220195 -3.19578528917407 -6.14615218305281 5.3196658878371 -2.3564085207431 -0.622920793936203
Arctictis_binturong -0.655138885473203 -2.54636244429558 -12.4815061115809 -10.1930922673528 -0.394940686274646 1.23280488848037 0.367767916279136 0.621440763284482 2.37428132788506
Arctodus_simum -2.1010695317473 9.93526104386328 -7.93908197969703 -6.41618593871041 2.1625881368788 -7.47969095333753 -13.525946981162 -2.31585658624353 6.34650417682776
Arsinoitherium_zitteli -6.90274323815395 4.8667956641542 6.29043258531331 4.23745408072893 0.98163596183508 16.8311512823621 -1.55722080068031 8.23218980790347 -6.61902687953058
Aselliscus_tricuspidatus 9.00757353907378 -2.81268444504921 18.178104493226 -19.1165162923286 -11.6802527258638 1.44410086647593 -21.7244929693892 -1.1593310733749 7.24924347455977
Astrapotherium_magnum -55.2459789858328 15.00009437412 7.32854200955375 -5.34283118842915 4.26918905939683 1.78676571825085 -6.010169447633 -0.837577798243458 -2.17550460942104
Ateles_belzebuth 53.7335553903083 -3.15859065091636 -11.5117558663811 -14.2697843588629 8.53618073810568 -6.3674250249901 -2.82324997357573 4.1132194575394 -0.195771469386523
Atherurus_africanus 7.5176032605631 -3.50199535820946 14.4007192982765 -18.4867033536892 -4.68588159886536 -16.0561934940608 -1.85395079271918 8.09117191371323 2.32751908764978
Balaenoptera_musculus -2.34931108891141 28.0865794091203 -2.12263942211572 18.3528154057228 2.45036600164465 0.20465629790006 6.6263797536464 4.54122162534335 -1.80191044685472
Barbourofelis_morrisi 2.50827846383526 17.3660298909272 -6.65542684340124 -6.04633451897041 -5.50975483316016 7.19844685754702 -15.8107720223743 -7.0268126720702 -0.0276257430055358
Bauerus_dubiaquercus 21.9052939056208 2.93962051395892 9.57447138882443 -17.2709271316717 5.34041111084388 -5.52160067784092 -13.7379831750226 -8.5671379686321 6.53672088748332
Bos_taurus -9.1110633805802 17.7389542477134 4.87192876482461 0.377466129170001 4.77007305440424 9.199805184817 2.88777484676703 1.08171710909719 1.80761335497222
Brachyphylla_cavernarum 5.91153506883849 0.527788263510396 5.69629352329247 -13.0914011473312 -26.6041190792288 2.54635757779686 -7.89130252490441 -13.561983484992 3.08729982592624
Bradypus_tridactylus 7.54036395087393 -17.442743081564 -0.658923706450383 11.5946239173594 -1.09047247811612 -2.10382186167437 5.5883001397644 6.17930648612991 2.17390549076618
Brontops_brachycephalus -11.9721462721048 11.6575578096893 -19.5906034860787 6.07301807810068 3.13697583515847 5.47898471446401 -0.757684179809209 6.49131742908269 2.3579213164306
Cacajao_calvus 49.1220522701173 -20.3394131473349 -5.96259892844309 -1.84697478403519 -0.980978878516396 -5.54343779896541 -1.62395082127017 5.99818755045448 3.95132660521859
Caenopus_copei -30.0042670192366 11.2699898400283 0.23109279574974 2.53881487294092 2.87916044023709 -4.4089326635119 -2.16404751547671 0.579792126978165 0.0152198437787567
Cainotherium_laticurvatum -26.6492593216068 -13.1142412718571 5.82748470163028 -6.07486893325721 -1.50365399547921 -13.2471814574134 3.00751398031402 -6.91687996491286 -0.761471472602306
Callicebus_moloch 48.8685894822966 -9.31589486456092 -1.93583300727068 -1.75783794196289 -9.86432742708738 -1.69639391929874 -1.22949418074253 4.20675487916709 -0.417797572829924
Callorhinus_ursinus 31.2915220645897 19.8156432426429 -29.6650241367929 -7.07592412351025 7.69564413519705 -1.83095263228207 -5.99135392754965 5.78663606890409 -0.904605965225071
Callosciurus_caniceps 15.9195660761182 -7.22937512448378 17.5569319314229 -26.8040655962077 -17.8555881099039 -8.82875695640334 -2.11477480312896 -2.71420036444098 1.5974752462492
Camelus_dromedarius -13.1500536689949 17.0811136111728 -3.90034633114949 -0.154059409144079 -4.55390445233266 4.62007013442674 0.844857642104332 4.34377960197347 -1.77610493083852
Canis_lupus -14.8897730851686 10.6476360122042 -1.60199933095798 -2.92970629349561 7.24341038538644 -3.42825585494014 -5.65126719736338 -1.26590693649182 1.8595901297398
Caperea_marginata 10.6327984014542 1.5207918155513 -11.6729005057933 18.1648874261356 16.8261457575542 6.73233660720211 -6.01891438047984 6.49058248543851 -2.81931012622039
Capra_ibex -1.62110683137471 12.9877328460392 0.606344367372518 4.36694142384974 -9.64223879012227 -1.9609902361163 0.569063457893092 3.97367125631661 1.63962467663049
Capricornis_sumatraensis -17.1333931693608 12.5220119826253 0.880040602711077 -4.85688580322601 7.08887356098 -2.91143099116266 -5.14282354752536 2.95008093198187 -2.52553072927494
Cardioderma_cor 1.46243028330887 -31.6263091692954 13.4197619846212 -12.4189385889629 3.93426818203824 -11.6184977175329 -4.21848767599881 -14.910217550838 7.04897236767013
Carterodon_sulcidens 28.8710941530297 -12.4960087197483 22.9504432061928 -19.6709713790152 -19.5800851029703 -10.6605847845225 -0.475179754346717 6.11331221454485 1.28921186955364
Castor_canadensis 18.9098858121695 -6.8592459078698 14.5705427289372 -15.0727136767975 -2.48341614960096 -15.9196569542834 8.45621412089933 6.65257545961577 -2.4520930916171
Castoroides_ohioensis -9.19708004467442 -7.19455671241678 32.257774590329 -22.0272797438078 -1.88828138920599 -10.7072551792529 14.4975830445942 4.00746436643922 2.2092638514514
Cavia_aperea -0.593165917781527 -13.6011810042669 -1.73057564159447 -6.54770420845881 -13.4535636780719 -13.0182519939275 -6.0417786291897 5.80306191900682 -0.596202360358124
Cebupithecia_sarmientai 36.3410373430216 -35.3519332139359 -14.8984009267043 -7.82358427470399 5.09174353613204 -5.6850418522454 -16.5333428025621 -3.87055698453969 4.57140350920914
Sapajus_apella 45.2504866559353 -11.7763754815587 -9.21420488286596 -12.4228669046868 -10.2560317319622 -8.6930872195757 -5.01473499694186 0.725494009525789 -0.165592443736196
Centurio_senex 52.6194333896285 1.7374835437525 23.4431208502488 -26.7340062270576 -7.87054567564247 -1.34349653213366 -13.807483872038 4.56270021698025 9.76203548048893
Cephalophus_nigrifrons -7.17547797823525 5.35653377943297 -0.709294224737298 -2.84906085335459 2.63796310056121 -5.71488360778197 -0.510370848883816 4.61707908133382 -3.84110294507749
Cephalorhynchus_commersonii 39.4895519498169 12.6311343037731 -21.8744689496297 4.75040480755971 -3.40183187034428 -3.4451370478065 -7.72976696591229 4.55190571782925 -6.29382283044812
Ceratogaulus_hatcheri 59.5287633486328 20.7948773001888 14.723356877616 11.3523437308169 -6.46945436498912 13.1275725977448 11.7069987397933 -10.5018567520607 3.12274357190057
Cervus_elaphus -20.8033415769805 2.81207098751061 5.82389859895315 1.3425556030904 -5.97435539625544 -1.81534411938033 -2.24655948166734 -0.789004774183688 -4.33393663118804
Cheirogaleus_medius 29.5799104654233 -7.86450475342729 -13.6631914241308 -6.34907666076856 1.80279701489705 -8.65356337928047 -1.39736625973178 1.81324911589741 3.78991662715754
Chironax_melanocephalus 7.03637378229955 -8.14297344738807 -8.27164271103939 -16.1859418931364 -2.0607377878906 -7.55842682538087 -2.10203466472158 -6.14926843350474 0.754262470078532
Choloepus_hoffmanni 8.47789177538065 -0.626209686697486 -14.8148925513361 4.72895211346764 3.71953571646903 -1.06207580586573 -1.35664322857413 -3.9074672475864 3.23178194896441
Chrotopterus_auritus 11.6515633934373 -11.6240113626122 4.72335016269216 -12.6939266499062 5.74095344386949 -1.09232955484375 -4.74542565887695 -1.21258205722158 2.14312620502776
Chrysospalax_trevelyani -4.24804071117613 -1.66132195133655 33.9337303807561 56.0800880360686 -15.3164245523666 5.20493414104065 -19.8823047315248 6.18293074113678 -0.094103423714454
Cistugo_lesueuri 22.3859289439084 -19.6391695468357 7.86306475091433 -10.7131519277987 8.6314542364693 -5.27870788216488 -7.84346545739608 -7.6797111111734 5.84453391093626
Coelodonta_antiquitatus -17.2794734532081 -6.7040400859869 11.921261700538 8.8701987632578 8.2230986616328 11.3477659910554 -15.4817894807455 4.17743860901476 -0.860563402132213
Colobus_guereza 40.1292075163146 -17.0518257059138 -6.27376727538431 7.8193333941221 -6.0269897718063 -6.87226111562926 -7.63313838303065 -7.14057338222943 -1.05435578155677
Coronodon_havensteini -13.0377424186143 -4.01709085718084 -20.0081259818712 26.718975569236 9.18780059476901 0.176054292206116 -2.03804644011116 2.1714591725751 4.71246151513743
Coryphodon_hamatus -31.8104144345878 1.05134337775808 -6.96324500535352 0.817943601426466 1.6335206472687 9.73600183029659 -0.184298488479351 -7.15800932712035 2.67973198641863
Cotylocara_macei 6.05299707855467 17.1514038095279 2.0378542610637 6.84514574480786 7.69434606575938 -4.21825289667695 4.24310612116275 -7.62361167290115 0.310481101392467
Craseonycteris_thonglongyai 50.0896361155955 -2.67352333069633 0.143199342321669 -27.2602212631108 9.11175397256867 -11.1143919261964 -10.404776574783 -12.3922781902198 1.36455533584089
Cricetomys_gambianus 3.80045137491429 2.04228350925831 16.7718845181355 -29.0027425813648 -9.74150327159463 -5.24623877546842 7.28703591040504 -3.51824869556987 1.51206281493897
Cricetus_cricetus 2.42596274409515 -1.40344245990879 29.5523387002671 -29.695125187263 3.90602862964289 -6.30236269854042 2.24183019955802 -2.19816326729244 1.16311184356873
Fukomys_mechowi -2.09187382847355 2.31847975531574 33.5068939382389 -24.991407645286 -10.1611262930588 5.20552483613183 7.33506482416706 2.02701014969977 2.9268546970458
Ctenomys_knighti 26.4916789826411 -6.47562143702581 32.4832684225809 -24.3750956072096 -2.82915356783017 -5.63865892315711 10.1499618965202 -3.1993963546745 0.615984871019266
Cuniculus_paca 3.14749048227184 -6.07688748250355 0.0982460262822845 -8.01354093117587 -9.31429376470442 -12.3703283845442 -2.14905758161129 -1.67639282898647 -0.189213303163243
Cyclopes_didactylus 7.44369054353296 -14.6339704602389 -36.7946152806734 -7.4586775923219 -13.4878286851966 -9.48548602488212 -5.76195683642593 0.164971046260522 0.820288613346925
Cynocephalus_volans 2.44730985938645 7.86871043405439 -6.4674077791817 -4.44420796569136 3.03254658279709 0.691192746130774 -0.230398931794674 1.26405763839157 1.04591836211202
Cynomys_ludovicianus 6.59617273257921 -6.0406450656109 18.1564287747968 -22.2603413201771 -10.1019070361204 -8.78438554497664 5.0779711491166 -2.43157664351567 0.454113024352318
Dacrytherium_sp -31.3787319488813 2.49457040604536 -6.77504105589963 0.364782096835062 2.4615113848022 -8.38602183792499 0.592776022001464 -3.79905136946451 -1.38602675542648
Daphoenus_vetus -21.7302984961877 3.27993253409383 -10.8018042656264 -7.86867411112058 1.39884484904182 0.522817083373962 -4.45474212101561 -3.01007290466134 3.15046298568149
Dasyprocta_mexicana -0.54893702112444 -4.93202682357812 10.1433840989969 -19.2746774035867 -21.4620747721113 -13.2822432703747 -5.40352113494831 3.09493991830398 2.50684899407855
Dasypus_novemcinctus -8.66540108656196 8.98445111487318 2.99834608569023 8.26147103433331 7.21953815693541 -11.5131794862233 -0.30911442289977 7.71233479574797 -4.06977603764463
Daubentonia_madagascariensis 26.4985529306872 -8.74641433594814 -9.76703839593546 -4.5028756508023 0.0650314778742129 -3.39591767898943 -6.92681298621781 -0.765252712912516 -3.51280143226424
Delphinapterus_leucas 44.0060499221035 9.93780408465208 4.28374709088826 7.6791269715457 -6.84485861878677 -2.03017606044097 3.18158659046288 -0.522198600778089 -2.92826512257586
Delphinus_delphis 23.8363130222919 14.5959199696167 -7.67155436626898 12.9565510469836 -2.69547889249001 -3.66671761334932 -0.685350083603011 3.2127466583865 -4.29176174014436
Deomys_ferrugineus 32.0468291168833 3.21787891516777 16.224967302424 -28.570595295718 -3.62850433924071 -8.81922207760382 -0.567522309727292 -0.300360515151073 2.25074301411798
Desmocyon_matthewsi -4.24124315653097 1.84736714796628 -7.48507185864726 -7.23659965174218 0.923795997882388 -4.21508019185636 -1.73124155040869 0.115977776248973 0.246955005115645
Diaemus_youngi 30.6904833063455 -7.82601556110342 9.36829035889923 -17.0391991585954 -15.3989603691315 -4.68688081528069 -13.2504047535766 -17.6648172007887 -6.4274632807536
Diceros_bicornis -11.3512681643308 8.64208844258821 14.5745197637283 9.25334096693095 2.38941252165826 12.4045967208357 -17.8511595357969 -6.27637577190353 -2.09153881184817
Dinictis_squalidens -10.8522524485041 1.11409773105983 -1.23550015808284 -8.16202980090467 -0.169363461096836 -8.78641119070215 -8.85656587051371 -5.91838124128558 4.45452514882127
Diplacodon_progressum -19.5011956826763 -4.57237553757842 -7.7063735079652 7.11031759935875 5.65846108564919 8.62013768446452 -4.83820337803991 1.50851099861482 -1.7163587774947
Dipodomys_ordii 59.5684279567569 41.1616818002294 20.2982229612184 3.26489860868497 -6.26525664677389 -4.09226796790566 -6.61784838550714 -18.3353988370492 0.544633058991042
Dobsonia_moluccensis -4.39998316464226 -3.90645652481004 -14.4351101410641 -4.78821495279485 0.316518400745537 -7.46552040807989 2.24020232846198 -3.43679535122795 0.514386400193963
Dolichotis_patagonum -10.4540956370227 -0.101278187475283 5.35356591157409 2.3410215154652 -25.4663309363926 -9.30360028526858 -11.805452684243 5.48395356444737 5.50508248025447
Dorudon_atrox -24.3601291382593 7.77465789271691 -16.2675589068959 7.0942571898927 19.0561974433055 12.7119346722632 -6.93600789065714 -3.73206733520969 1.56873850034207
Duchesneodus_uintensis -25.9772034615515 -10.2823841113873 -13.1638200207111 6.00356408734245 1.26008795481225 8.70890875343761 -6.45516378346385 9.34440732303644 0.836067033930978
Dugong_dugon -9.753227406344 -7.49499976022758 25.4793889560279 11.4040243801498 0.945270347124157 -6.14719167439057 1.82670843407291 0.959562424517178 -2.03394973806458
Dusisiren_jordani -16.2300735012349 6.5413830468664 18.7606300772411 6.34654787934376 -4.92733710948834 2.88475104677995 -5.13674881367941 2.23791725807362 -2.38532523038452
Coendou_rufescens 20.0133018462235 -1.25760847745553 13.3048470436756 -32.8688410693461 -14.1145669083857 -15.3952510108399 1.63691411651111 4.83145913664813 0.562207330586994
Echinosorex_gymnura -9.50355174684769 0.650760848267041 -6.29852821979612 -4.90578916090807 8.57858956819538 -4.73967253169891 -3.26867076056809 -1.71562561008843 3.32673372252438
Elasmotherium_sp -16.5513831564053 15.7973292661455 6.63289953491816 1.58189736900256 9.03731052009376 9.55907513612514 -6.22145989867869 7.66243799420523 -1.26322554046816
Elephas_maximus 38.4882108989263 -7.0373037058783 12.6096803970847 5.56647741726709 -6.99870534143242 -13.1941207380611 -6.12589123121786 -9.81490003945006 -5.58730160137411
Eleutherocercus_tucumanus -1.99444706648027 -3.18228208512836 17.7329118835896 -3.50219481865642 7.94142629766272 -11.2846514030463 4.89621915414209 3.69643632650393 6.52892238224023
Elotherium_sp -35.2890180557834 27.4048282737707 -4.08659993711058 5.2169882343901 9.77502966670691 -0.351893749444084 3.89716987098156 2.41351030976067 4.01246587768194
Entoptychus_sp -2.90113380377502 -12.4308651598457 26.985960816415 -23.5876248903658 -19.0148156573391 5.85339460962121 1.21723431009259 0.794129431708329 8.41968873510038
Epimanteoceras_formusus -21.8086613134871 -2.62233586054385 -4.71802876288888 1.40899102366616 4.9555155221544 14.545452841058 2.07725682923451 1.33190272666481 1.07163287269033
Eporeodon_meagherensis -31.1674151784929 0.141542610927068 8.42667636217831 -1.03366604797111 13.5282646800188 -7.95292635100025 -2.46793626718536 -8.1015907730578 1.16165636612326
Equus_caballus -20.6313893187082 22.0887909012217 12.3878374378624 -2.18394449818121 -15.0472516110899 -5.21037917902442 2.67697923408528 6.43464276250514 -0.469017609284415
Erethizon_dorsatum 9.63980046079378 -5.83824827357997 29.3079483784393 -32.5609657925197 -16.5458115221158 -10.2294799886072 -1.48469062183828 5.25203765884981 0.547858993157213
Erinaceus_europaeus 4.16855706623122 13.3097197118471 -3.44861908108893 -8.17598024200289 -12.7393206832097 3.49000937924314 -1.99761408380534 -11.5214549104957 4.15117822561857
Eschrichtius_robustus 9.90383881576352 30.1132688781724 3.38520436537484 6.63395576704838 10.5009397918177 3.1791230619694 -5.34819968953557 3.9694798085301 -1.47714751095139
Eubalaena_australis 15.2734244686303 33.7080554788728 8.09811551588395 19.2116849478584 11.5406109763322 -10.3232060602053 -2.42330017412561 8.30119824409447 -2.13376423621042
Euhapsis_ellicottae 40.1888377637289 16.1198733775462 40.0293466767321 -9.72686392169621 2.4827805288438 -8.60251942946674 4.8294198658153 -1.01743264833632 10.8663536271802
Eulemur_macaco 15.7335767414483 2.40149916867356 -18.7233463545519 -6.64501610980722 3.80946555982727 -7.50731313514812 3.18958674637562 3.43663780427933 2.77208191289645
Eusmilus_dakotensis -15.9821574813982 20.0541714670041 -6.45401239410618 -3.37402300803777 10.8266728428697 -1.95452274314681 -9.43984748702266 -10.3259347855522 -1.8978433051815
Fossa_fossana -16.1788549134641 -9.95262029293598 -14.9459842818861 -3.52599294608434 0.637778247444287 -5.06766231748533 -4.35677093584166 6.96657217609163 -0.105260156813923
Furipterus_horrens 33.7199654310618 -3.76216411017914 6.26802249109616 -5.67783252074426 24.4005643149792 -11.7150827583704 3.32222724621299 -7.54154848795483 2.94672327918637
Galidia_elegans 11.261136623566 -6.73689604096686 -12.7741940943588 -17.5831733430321 0.0289003026008932 -7.59899656312623 -8.79726116935629 7.50495889276603 3.56541831050145
Giraffa_camelopardalis -20.6532571906355 17.0474081542193 4.30852615640876 -4.36635299085317 0.104491600908373 -0.779840380373028 -1.10773290564257 5.03818878945841 -5.84816469182052
Glaucomys_sabrinus 19.975953209798 -13.9780698404544 14.3409093453418 -16.2326111249925 -21.2214193623579 -11.9962248561532 -2.76365385178323 -9.75508925373171 10.3657933370556
Glossotherium_robustum 10.9066969678089 2.06939851829954 1.7333966644161 -5.37228299954246 4.9919710774093 -3.95242829190281 -5.80096880210556 5.74550897612311 -1.69304501304199
Glyptodon_typus -0.642454451174882 16.0276025356823 17.4432325122864 3.35902446630329 2.32348022607186 -16.1358235892936 2.61595251894116 10.7884176529007 1.04850549483486
Gorilla_gorilla 28.8639174237159 -0.856176270366587 11.4005746158675 -7.60586960307824 -4.02675360344236 5.90164654758833 -10.4343852481056 1.34018994128183 1.66930146222161
Graphiurus_murinus 30.20781649966 -3.60220404908884 6.58893798159588 -17.5257196177456 -21.1862327619687 -4.58679021105002 -1.03313482553412 2.6760922630479 -0.958633596028266
Hapalops_elongatus -21.8870215767249 -12.8163557436153 -4.66530156839938 -3.58601057314 2.90158003834212 0.765284457592889 6.88692564875205 -5.64161494781889 -4.02003239981727
Harpagolestes_macrocephalus -34.8042187299633 19.9521032364098 -9.76595564025399 8.82804896021676 15.8023068420495 7.10456755590179 2.5465123860595 -3.03542649186703 1.65194183150057
Helarctos_malayanus 9.43624536345665 -9.081202624988 -5.9922201283529 1.15438632544669 1.25987897200224 0.891898542518024 -11.0127752265131 -1.44170626849323 -0.926339639143643
Hemigalus_derbyanus -16.0971189512677 -0.512181649744189 -13.5995056767439 -6.45184170178072 -5.32350888409458 -3.86502293979368 -6.01252149161236 3.83763751327535 0.0868232997027708
Herpestes_javanicus 1.98315624098323 -2.99362103689117 -19.8706136508854 -17.7089247475795 5.84410502005619 -6.25169002803911 -8.58931805540395 4.84203296308572 0.657524198374901
Hesperogaulus_wilsoni 72.5671799193251 27.5095442110058 20.4901046994867 -3.50548797111688 10.2052931355891 16.0146931287876 4.92592157305188 -4.62727506250752 9.79632151566471
Choeropsis_liberiensis -12.3227088232486 8.78938084340965 2.92073764252569 10.0396725061746 13.2324650792255 -1.91978540743133 -2.29973960774541 1.90355916988129 0.513574834042814
Hipposideros_armiger 11.0588170890519 13.050328912753 17.8856416548537 -26.1389195679414 -2.92169980768484 6.55865919822912 3.0669207677318 -9.65946844552612 0.190837822543059
Hippotragus_equinus -21.8436199613424 9.55041447099849 3.1226580927121 -1.58757164151307 -0.931298495920052 -0.088110779298696 0.485444798545335 1.75286109053393 -3.51869230765447
Holmesina_occidentalis -18.9793098908632 5.99285068844474 1.50081799719796 2.02425572844311 -16.1047948910059 1.39976665489279 3.95579470174903 1.73865973206201 -1.00815832198266
Homocamelus_caninus -31.1982698809638 21.2611843729495 0.580264776474892 -1.60914644682476 1.29406002161754 -2.9977679731217 -0.88721999605497 1.66126346563712 -4.06106902340605
Homotherium_sp -4.52373191126562 12.7236607768519 -3.3880277545476 -11.4812021404267 -9.14634979294365 -0.468642852806022 -21.2767457170931 -11.3504021720067 1.99197856525318
Hoplophoneus_primaevus -6.47744403147898 0.167121224638298 -9.11692556234145 -1.58279379082658 6.22356698191586 -7.92992587959889 -8.68592363108634 -7.60296641044744 -2.47559327144028
Hyaena_hyaena -14.2509556175672 9.91974450021409 -0.340848622263252 -4.29622347767914 1.83452224770806 -6.86565916418442 -5.11755264743005 -5.53758761493892 -0.993778243604182
Hyaenodon_paucidens -27.433013137762 10.2463123354152 -1.67080940772282 3.61782659685568 10.9738834183699 -5.48909199363536 -3.58941579833135 -1.91084638626263 2.07406843318396
Hydropotes_inermis -18.5507127299394 -1.89454773412945 2.37395681077887 4.75373293983312 3.61728284935927 -9.29956245756127 -2.27769258415208 -2.41371304408207 -1.83534829023257
Hylobates_lar 62.0644244985703 4.42924571523138 9.20590298831824 1.04158472612996 -1.47018124507551 2.52058264567975 -10.3851808830771 -6.13446131597793 -0.615753423402004
Hyracodon_nebraskensis -30.8914447145318 -1.68816001649414 18.4080952612233 -6.38456969444294 7.78331003423416 -14.1365294150323 -0.16666567935293 1.3703182485397 0.123519547262607
Hystrix_cristata 14.8983537836901 13.8802181772124 18.8909808060399 -17.0310721599157 -10.1732510708629 -20.6032326320399 -9.16735935111678 7.76920594982326 0.713574342263188
Ictitherium_viverrinum -17.3271656021724 8.82296834227285 -7.56368590401378 -4.90474625070987 -1.6707963655294 -3.08835239412097 -5.15537730172039 -3.84523502139099 -1.36882952855911
Ictops_dakotensis -7.6653458414403 -5.65598623078558 -12.0362850444496 -0.806658113794661 5.70217495776869 1.53736630616575 1.69446650409948 -3.33769846532009 -1.49970134860734
Indri_indri 4.60364139088274 -12.2274330811014 -8.9407867389154 0.0899621304942677 0.13773120311206 -7.39813168532022 4.16122294371671 3.28236216536581 0.2995832413052
Inia_geoffrensis 0.00799437396994503 7.03885391346157 3.55918716952937 11.9277235815794 -9.70465704511128 -1.67321391001705 4.34935365958047 -7.90294252039558 -0.730137575433496
Kannabateomys_amblyonyx 1.97545045280381 -5.18229948792374 26.6081619176269 -33.3990789551507 -15.1195593162549 -7.72793311427163 -0.100985429134318 7.96579307894294 3.59934306666105
Kerivoula_minuta 31.9409428719167 -13.9423905516578 14.3481427468996 -15.8897079109271 20.5205821818252 -5.91881181266211 -4.89151091621702 0.143167645849603 2.85286620260226
Kerodon_rupestris 1.81174346241231 -9.76528294701497 4.3086282696469 -18.1174758987892 -11.7609927029756 -9.43806782130098 -5.61881816801853 1.71906882273002 1.82049897979214
Kobus_ellipsiprymnus -20.0447976140033 9.56932136766998 6.56518865567858 -1.69451490022265 -4.26856470773411 2.46870583730406 -3.30417841569843 -0.300952669317792 -0.82979330645724
Kogia_breviceps 55.0189037691394 13.4284982473257 -8.37192004742449 17.2927377840879 -5.02783662509605 3.98026193209219 6.37445352734009 0.493500585213791 5.01672253980431
Lagenorhynchus_albirostris 53.1264239995321 11.0806137483604 -8.66976204038486 10.603442359754 -4.31946270174064 -5.84638623145029 -4.31203902686727 6.4855376161249 -1.87586765213084
Lasionycteris_noctivagans 17.94424506959 -19.7994824965842 6.57809525480678 -2.47767101507966 12.5661861100442 -8.86247954211169 0.236382174569441 -4.71097898932595 2.53310998672267
Leontopithecus_rosalia 36.8762415933395 1.0580894489596 -11.6877988508947 -10.7350214642725 7.19430767085142 -4.71450830896639 -3.01024122867995 2.55930246177103 -0.460784029585869
Lepilemur_microdon 24.7507510849014 -6.19392616924136 -13.123254842659 -10.1251719089858 6.26232042006361 -3.26309973457852 -2.5594675613914 1.87866560829698 -1.52328287802295
Leptictis_sp -4.92081566415203 -5.0582854898917 -8.98554558647709 -1.94284152033849 3.87705022730254 3.01859599286785 4.80728282148244 -1.69512834989551 -1.35914383305532
Lepus_californicus -12.6985671616551 6.35640909944899 8.18500813085206 3.0451038004364 -38.8435252012967 2.09118654308569 6.48852683944014 0.354355108277576 -5.25967040535211
Lontra_felina 39.2964432394457 12.1457445420618 -13.3415667127528 -19.0249733888754 -3.35193885806454 4.58674440631351 -6.46355343488219 1.79464842001908 -2.58609923602386
Loris_tardigradus 37.2342726124471 5.15849816749866 -7.98937249625187 -5.62266655223095 -4.44988251038884 8.2792393800656 -5.02447159956639 3.49596441582786 -1.951825317329
Macrauchenia_sp -26.2274251892611 17.0391586260426 8.80252137512283 0.948075774700071 -10.5119579289688 -0.0110848107732557 0.0554764846355972 4.44767420697906 -0.455385465221819
Macroeuphractus_sp -19.4231275870972 -19.0885162322792 25.6923480569359 3.63120064382473 3.70699267283536 7.25653457979097 4.86203373742756 -6.41289570113853 3.19535809421608
Macroscelides_proboscideus 29.1628350468766 8.47096512533626 15.3305036392575 12.5467171552806 6.98949451612634 -0.581051277577308 10.9933851793805 11.8312466414827 -1.42061661436368
Manis_javanica 20.3454662250347 24.1524451307752 -8.01809763201795 -17.2786937785169 -6.65929505830361 -9.07048540312914 -6.61204308742128 -1.38414045112117 -7.5543254344944
Massoutiera_mzabi 47.9547600384757 32.0454192796664 13.8468923864625 13.4143514472511 -0.528074910778513 -10.2855146642885 6.24546506089765 11.9459196841898 1.45417410233036
Megaladapis_edwardsi -23.0569003077289 -3.84761298666849 -0.85782004144567 9.40531162690599 16.6806828908023 14.4477727749798 -8.0829662482416 3.18748887998899 -0.172553464820901
Megaptera_novaeangliae 10.0658249228388 30.6232554343978 -9.16370648770159 30.2715441021739 17.9337907218562 -3.87497848578532 -2.39438005723452 4.39861132548864 4.44843904263005
Megatherium_americanum -14.6775030723554 -2.17858214330086 20.8776816554831 2.05175311181232 8.28093010035724 -5.25903921024075 -3.43421790728934 5.32588524556714 -1.60343458252693
Mephitis_mephitis 11.4089316957753 -11.9533478373401 -9.89088118144958 -8.90804806187598 -0.0786280680136303 -1.47737060276699 -3.18206754311854 -0.499946587787498 1.1034888342301
Merycochoerus_proprius -1.38886888027275 8.71806275272865 15.6620846086378 20.5195721257633 8.64213979346485 -9.11441723562778 -3.16310436740301 0.149292982355 -4.50918010621084
Mesocyon_coryphaeus -20.0279651376568 -1.24598376595004 -6.56646259714174 -5.33791582360925 4.01820012039789 0.0957414208039966 -8.9396177219893 0.39468451391648 2.39181297845146
Mesohippus_meteulophus -34.5886326896487 0.32631572178138 6.65716502539536 -7.6093625293942 -5.38186452855377 -7.59131613192313 -2.0697959643105 -2.32850877994698 -1.10300477295166
Mesoplodon_europaeus 30.7959843299964 20.6247743837209 -0.877625932627665 8.11037795968247 1.94793702311952 -4.82258909530389 -2.15072468107984 3.01631414636257 2.59858518932179
Metarhinus_fluviatilis -28.52594295643 -3.93318569090907 -0.332815326777194 1.02803396560616 -0.00283594402753471 5.70117539605659 -3.79111538139958 -1.08527874773811 6.47087952192125
Micropteropus_pusillus 14.0917961841417 -0.162584695183483 -20.0488009548934 -7.65334910247508 4.68483675122528 -6.47024441533905 -3.72555119440336 5.32667926616901 -0.0563637185002986
Miniochoerus_gracilis -25.2548007239608 -1.42472899376946 11.1995199242248 -0.350862530065086 7.20426043166262 -11.3247139780585 -2.26118712775514 -3.74420082967689 -0.926114898698272
Miniopterus_australis 42.8332047770579 6.10280498021667 -2.40982473864171 -23.9042109762373 8.37956230251502 -7.91206768296433 -12.877515888265 -10.3663492344914 1.00943425972873
Miolabis_fricki -33.9405757086526 7.7363493139509 4.31708259860722 0.0823669636634847 -0.985643409046795 -3.13186901889322 -3.34686366207459 9.69790044074143 1.17858761019748
Moeritherium_andrewsi -4.44876966209409 11.9598423698824 11.8227329365822 17.5173350508638 3.93875173961052 3.69197789288173 1.70030695623726 -1.00309604298632 8.11667527078323
Molossus_rufus 28.5269230500014 -9.15759151029657 -0.673885086585542 -19.9719046457316 -0.650208680216846 -0.517228569460087 -2.81107171847791 -13.6783599671034 1.52572765214385
Monachus_monachus 9.15626335811988 -23.4453878785798 -24.1657375828364 0.591243590076078 5.04201057461027 -1.62021056072902 -3.03773979261941 0.219130586178669 -0.0388151816901744
Mops_thersites 41.9163355676517 1.53640620944979 -6.53024302873745 -7.45710376107771 12.5732871625398 -7.75099536211438 0.364630308178319 7.19847457849206 2.03597141563101
Moropus_elatus -26.5287292723014 8.65091432672163 5.27480516337181 -2.79491523091202 -2.0471635213066 -0.451634056504363 3.35557252848291 -1.82989521967214 1.36040961735706
Moschus_moschiferus -21.5738653899353 1.49670904288299 7.48423366168182 2.44912694349274 -2.38038813003352 -3.07979028195956 -2.5085169550485 -0.455555846357344 -2.24722156706225
Muntiacus_muntjak -12.8683551137619 0.95855920905601 -0.302866502993477 0.536457294425723 -3.86089649141248 -4.18355946197782 -6.11669943616925 -3.15348326429557 -4.4454339095195
Myocastor_coypus 2.26966075092549 0.0996491072996881 28.9773542396345 -22.2566234474104 -16.4624232206421 -3.45033255001022 -3.56819951200912 10.8897904572241 2.92874391469829
Myodes_gapperi 30.0914896375874 -8.79986463985958 18.8488513293278 -23.8624720481549 -2.16398086541366 -13.3881775161647 11.0987104214055 -6.73555984978183 2.40160241426722
Myospalax_psilurus 36.5611837560055 16.1512883952182 37.9630985481997 4.41655457966068 -15.7655439873451 0.35322058410378 0.193527529160807 -10.1159731438745 7.09577120332821
Myotis_vivesi 24.1464394856705 -8.94735262033152 -2.32390065344127 -10.4548039556249 10.8042500261983 -2.74477574310537 1.19484884802034 -14.711837867972 -2.69286068909951
Mystacina_tuberculata 36.8005994254439 -1.36366239849309 1.12732931691939 -14.6818480407899 5.95804672224424 -9.40047547963325 -10.7998990865514 -14.1090927848152 -4.3988113200919
Myzopoda_aurita 46.541701183125 -10.4366021483206 3.85631599099346 -14.2423957956618 10.5820484212377 -12.2145376565114 -17.2275524914356 -8.14293487722169 4.04064869804945
Nandinia_binotata -0.318289100117519 2.96526665756869 -19.2798293897459 -8.50747411698841 1.3285513684994 -0.523525728886328 -5.3032529161715 1.09855823059315 -0.657199113698836
Natalus_major 19.4157165747474 -14.2400553078225 2.92062836660226 -15.4072241114485 17.8045425399314 -5.97719364103168 -0.416249553261198 -3.85687353832384 1.30969072619053
Neofelis_nebulosa 3.49454535661127 1.48085238961663 -10.5008647411864 -8.79679571253824 -0.382138623798235 -6.50433829074093 -10.0023074881943 -5.03175590071187 3.09572599183059
Neohipparion_affine -39.2002613868361 -0.0210112649842282 13.2985976335792 2.29670346184189 -6.25050666340161 -9.61522406844704 4.0761320744086 3.96159269416993 -2.06242172454279
Neoparadoxia_cecilialina 7.51276787222889 6.81338673438676 18.7456355601202 5.89919048358015 3.17498779370767 9.35790477177249 4.21817060183284 -0.00276830421921392 5.92000055251941
Neoreomys_australis -8.47278537792491 -18.7618778141059 23.7157734276057 -22.7261555900041 -17.1719394161972 -4.54188539762125 -2.33460155089455 0.27598348940617 1.95662678228192
Neoromicia_nana 46.2201042493136 10.383572123944 0.407676117901307 -22.5770463954537 8.81049152797569 -11.2112222001888 -4.11473304817438 -7.98591120631405 0.0887966912277111
Neotherium_mirum -1.97279916292734 8.69394520064962 -7.67565800505326 -5.11021587599434 10.090929914123 -0.909748928703467 -2.86832058759569 -10.9702180378244 -6.15465641592184
Neotoma_albigula 13.5607818330411 -1.95909147752071 8.25335068010937 -14.2751757023685 -15.5252089035082 -9.46566750996773 5.81609908276395 -4.56306251284545 1.49243576782723
Nesomys_rufus 20.6884040387466 -2.10476682339993 14.6506200527376 -14.8145839780968 -17.8485532348528 -9.55344519975042 0.354885818076566 -2.71300239010139 2.58577033154945
Noctilio_albiventris 34.7832201323828 -23.4608549187003 9.76016274959241 -4.94921378460873 14.9717259293746 -9.55937272975209 -13.0127971084838 -12.580272623769 -1.51024290070922
Nothrotheriops_sp -19.4080926808009 -8.39802249856986 -1.56902751913304 -1.7973250943445 -5.09437796805669 0.320286282462911 7.39380714402012 0.218879336413326 -2.30816461096933
Notostylops_pendens -16.4647402166533 -12.7712686992639 9.51863039093569 -2.06292250714786 0.165738825263041 4.1863114740837 15.9377755977831 0.0981615342266652 0.928201314718551
Nycteris_tragata 9.45222427137776 -24.1343690836546 -3.71318572152159 -4.86327758579764 -3.06330916236176 -4.89705556940908 1.03696345144355 0.799388000764865 -1.05008165058523
Ochotona_pallasi 9.79145217935346 -6.39805998281379 25.4198148133122 -24.8401071093579 -23.1034432687243 7.92528518336221 13.9301415860357 13.0409763834838 -8.67609319429054
Odobenocetops_peruvianus 88.9494901793542 -13.2782231739434 4.74877832248105 8.51829832913817 -4.23772438055422 1.29005657430201 5.49538251184021 -3.50583528222471 1.29258426937861
Odobenus_rosmarus 54.6452178770281 26.5660345187628 -16.2555705808431 -16.6303368160803 9.17568965401394 6.42637485184258 -7.25554568427327 -4.28468237446382 -0.201500256986534
Onychomys_leucogaster 35.1379085069084 3.54481487489529 9.40789590133366 -21.5544156147442 -2.88377022034955 -10.8952980192966 -2.31845229835339 -5.66431953319801 -2.18372682149177
Oodectes_sp -12.7057507658585 -4.29023166743538 -9.16633752292702 -4.39258941882232 1.43648810351934 -4.89877949902511 -7.0619815064941 -4.77893341606615 1.35329589381687
Orycteropus_afer -16.9484751841364 2.23501931531614 -3.2700931751049 13.5586100938106 -0.146026368311984 -3.89072573832381 8.48146229757405 3.20430374437449 -1.68021929231445
Oryctolagus_cuniculus -23.1840171340711 5.81453500823627 19.9911421785483 -6.60738668224664 -29.4391087921743 0.439614920069077 8.06192166166353 -0.014172854645481 -2.11293314046994
Osbornodon_fricki -23.742203158506 7.6167848356647 -10.6041501350297 4.775401784454 9.04961183978497 -4.95930281469874 -3.21485231635449 -7.69322998213215 2.63678458286452
Otolemur_crassicaudatus 15.4778429892878 -7.15934657707717 -6.67425165873569 -13.5486769048037 1.69062817762673 -2.26066006858342 -0.87734240185323 -1.95574549948054 6.29073675820533
Otomys_angoniensis 14.1848454648747 6.56660438978879 19.6973430001677 -23.2440535865648 -11.4781255755976 -9.05618282771002 6.04322578597217 7.01550747161209 2.19581039577561
Paedotherium_chapadmalensis 24.0993565822449 28.8141802872132 14.6707239089214 13.5971572562421 -16.1093191858447 -8.16684790654623 16.0354156786454 1.51857507313162 0.545890583298571
Pakicetus_attocki -48.4969915794121 17.687118998313 -12.7646049858521 11.5111265983685 10.413277397834 1.39620778334056 2.03796035751078 -0.581478534127397 5.20437952233213
Palaeocastor_fossor 24.5367528136885 -4.37977604443482 32.3248301832558 -23.5943003921165 12.9100309195587 -3.38057897615437 2.82779384070523 -5.84211585012127 6.91869908267243
Palaeoprionodon_lamandini -5.96397158626232 -5.66066237778779 -12.2694111727857 -12.0700192303487 4.26761681297832 -9.48658301655499 -6.25157294983382 1.81954822106526 -3.37693176276161
Palaeopropithecus_maximus -6.84321852554555 2.24530352761177 7.46241594962235 4.15786709844343 1.09162174596129 1.19816040799987 -3.24072463598477 2.07653861213112 4.342261908379
Pan_troglodytes 53.8355412237744 -16.5698170674105 13.1845403740499 -6.76741903765904 -16.1301235081542 2.21482144545565 -12.2758891036432 -5.14954289884444 4.85611732117843
Papio_hamadryas 28.5447406141206 -11.0239946360583 4.00860278795103 -10.6944036794583 -6.94347923001967 -3.96987219825532 1.28266533693759 -10.1082645923754 1.91502185769966
Castoroides_kansensis -8.47611396568958 -7.0045079139207 29.101149889564 -21.3240082334471 -5.17558821185504 1.94801021846924 14.134393212555 6.43843915878069 1.05571281599764
Paraceratherium_sp -31.5726187800215 12.5631174347785 1.11834348377452 -6.79796190759659 -3.21459578193901 0.195221632959053 -0.311928197002804 3.83143598246847 0.385090843956184
Paradoxurus_hermaphroditus -14.0197636274766 0.352426257076855 -14.3893474980544 -0.860220491085307 -3.96111515573836 -3.91213706679626 -2.10964093127242 0.87674611439672 0.500999564147438
Parahippus_tyleri -41.6633771674956 -1.01810361401834 15.636370112877 -6.03088810046927 -10.4376919132838 -3.6462064609318 -0.764684197643181 2.12276344094031 -1.74181175710313
Pedetes_capensis 27.127004838636 6.59949504820647 27.6919635507828 14.0380604888214 -19.9991546721194 -3.02630050005892 6.80461671228729 -4.41803617515432 -7.39181339422861
Petromus_typicus 29.4713581367116 -8.54392676773309 18.5520947086557 -15.1586218720258 -15.5432222665563 -7.17145999484952 12.9660495704745 1.99530242865278 -1.03739182684109
Petromyscus_shortridgei 36.408582280566 4.9324049873922 25.1159834515654 -28.17813891806 -10.1502267390943 -5.98628428652007 4.9517693833985 1.47282903295004 0.971037795629464
Phenacocoelus_stouti -30.1638027188655 -11.2142557339311 6.2305432763975 4.04187060251907 -1.00398966037129 -5.79434266515098 -9.58629271112094 1.08339104097399 7.23900662780497
Phocoena_phocoena 46.8737861985359 9.69120535626198 -18.2764451896722 6.99631413239759 3.0044665684035 -2.78201937839927 1.09596671537235 0.311386104343746 -1.36894840971691
Physeter_macrocephalus 45.8819340505946 29.6440310514368 5.8386786496408 16.1841248269804 -3.64790876184577 -8.72431925161942 -1.33212817981293 1.7739096357635 0.152749179886164
Pipistrellus_hesperidus 37.935523427385 -15.1884193041284 3.48324247606352 -19.664443342688 12.4403898796165 -5.79685971775981 -7.20394676227962 -16.1904358516741 5.16478668742344
Platanista_gangetica 9.21056495612959 13.9778954360583 14.1225179592717 9.24221539313891 2.41046023818207 -5.37082368260113 3.28959571585382 1.85151351495425 -1.3106890293766
Platygonus_compressus -35.251109682728 12.3886611837977 8.13154271126919 11.839391056722 -5.23552783967866 2.31454578252056 -16.461415438441 -5.07212803710298 -5.91547950062661
Plesictis_lemanensis 1.83730591349376 -10.1752043199533 -24.051687005802 -10.2661516360397 4.29175957962235 -0.0876849175712326 -5.37223862031569 1.30652905398365 -0.894672233327663
Pleurolestodon_aequidens -1.20634480844391 -5.02592632258845 -2.53589272661986 -3.74794288265293 0.824011296629679 -2.63769961678693 -6.33556893149576 6.68633143462253 -1.9269686075028
Poebrotherium_sp -23.2621997384177 10.4459295965928 4.96591447002085 3.60172576742949 -0.636050752345613 -7.11185481588052 -1.36761816952598 -2.74003630807827 -3.047417302242
Pongo_pygmaeus 53.7616560953521 -5.830522247683 13.833968916738 0.305507746646284 -5.59357642509853 2.64516005351323 -4.81375367612674 -3.36687135840267 0.1563862117509
Pontoporia_blainvillei -2.07417574323007 15.1483915313616 -0.0411379465423411 4.037054766121 -7.29004985649349 -3.12287838969904 4.60091033308033 3.21589798664392 -1.79170436387032
Potamogale_velox 6.74201977781407 13.5434682796727 -11.7412604393002 -7.21303755885255 3.72912738164507 -1.85886971951059 -14.8537876724147 -3.13056629906493 2.25616130681073
Potamotherium_valetoni 4.7167226708952 -7.43609383667525 -20.4708195494711 -10.6772328593085 7.40708322006072 -1.7820150873933 -7.79791091019713 0.78685688269055 0.298112594772447
Potos_flavus 18.8874887909222 2.65153410833156 -8.36927915851435 -18.0791066488986 -0.224622230874159 -1.54211629047248 -8.22591033858655 -1.89771996597101 -2.917900170122
Prionodon_pardicolor -5.59070879479253 2.66637118159852 -11.0682833777801 -21.4468151602929 -1.7416002863168 -9.99673044376689 -2.4578165676322 -0.6722159385527 -0.166076043042742
Procavia_capensis -8.7949239088138 -22.0495517492518 12.4198963467056 8.36344805009498 5.37715282165071 -13.0594040702536 -0.201941099643352 0.133103950833404 -4.5626640070662
Prodeinotherium_hobleyi 35.1170413946921 -2.01300401259191 -12.6345957765134 19.6840045294228 -3.30907335398816 23.3201709645397 -0.550300057314949 -2.68244693965814 -2.66551707911313
Proechimys_cuvieri 14.9082834193838 -6.92312310296413 13.4847393746023 -12.9138882669734 -18.46179192486 -8.77228854621936 -1.77446630067252 6.06427582289458 -0.376320625633348
Proneotherium_repenningi 6.56550213473742 4.55218694104508 -20.0989854591018 -9.88000450465232 6.95079184855711 -0.738074089080884 -0.255935831815192 1.29922160500828 4.32322327656453
Propalaehoplophorus_australis -8.64000633510239 -6.85216608428978 4.7381221473407 -1.72709302891072 2.01700110656294 1.60640037100815 5.20762906560773 1.59610352403923 -0.312688556114897
Proteles_cristata 1.1658270710147 1.40625905871632 -3.55061953462478 -14.682500968646 6.52182495245878 -7.79139893382092 -6.11381052661323 -0.167164952800813 -0.0552349934544427
Protosiren_sp -6.43014820936344 7.81367001215424 17.9626224510203 6.70681554233021 12.0738373641338 3.19054269250236 -6.29932076936591 -2.80838193760079 -1.16637585982781
Protypotherium_attenuatum -15.5514759208594 -5.4064893083553 13.2921371782303 20.9987299437121 2.15323193771423 -7.46044240086967 12.9693516625409 2.02912375681981 7.40074535102773
Pseudorca_crassidens 37.3549386719872 11.3710946945665 -2.85556331805639 14.6304978235583 -0.37910916041647 -1.07454693169082 -4.31645119773397 -4.46130661176512 -1.14252449381484
Pterodon_dasyuroides -45.0643185376028 4.02253626078701 -14.7928358301454 -1.17880925804538 4.53917681670155 -4.11520292189498 1.82362993365154 -3.85456471770786 -0.13283280758513
Pteronarctos_goedertae 8.72014560800996 -2.37662757265624 -20.5838810340509 -4.88159649040594 -1.26176253208875 2.31498059087102 -2.37382823293892 1.71973856469777 0.454442232894359
Pteropus_niger -5.95687102812112 5.24763232459426 -12.6800422249809 -22.2682759812482 -0.983171064796886 -7.3122901130411 11.5352547340839 -4.0844129912898 3.22196355233637
Ptilocercus_lowii 4.15942358331901 -9.04846954208608 -11.9923980562102 -3.950123727571 -1.51156045881299 -4.48235232622117 -3.28108523395645 0.759915017391084 0.397138992395644
Puelia_coarctatus -29.6492402798924 -18.1113396126433 5.86767846092882 14.4223620186757 -1.17419004948345 -0.732572380250769 10.553635134809 4.73428874337992 1.06123194305368
Puma_concolor -1.2056778546935 -5.33535894668158 -5.73506641687351 -11.2415449846356 -5.22425234098828 -7.35583603997668 -4.02794416036026 -1.58749363222914 2.80539793593549
Ratufa_affinis 16.2945077903597 -11.3152259656739 8.40505019939729 -16.7019601220206 -8.21596586295739 -13.9730977602209 -1.48841607032488 1.43429875131318 2.67702588827518
Reithrodontomys_megalotis 38.2790639442283 5.41106815319178 14.6736421675112 -22.7456503826105 -9.31702257187132 -5.62120959974755 2.32161358891709 -6.27362724681571 0.459911584384155
Rhinolophus_acuminatus 15.6972256575689 6.46863089795083 16.5730141023971 -23.6240039672069 -10.4230279496874 7.50871581860646 1.49396237051333 -12.6712059682771 2.89578439640127
Rhinonicteris_aurantia 18.9759478398912 -15.4439592493426 12.3192758242483 -19.8255659243524 8.94512465229873 -1.99271358863098 -3.74345054520286 -2.67899892911955 3.70432058806306
Rhinopoma_hardwickii 32.38689201929 4.87480019455655 0.23127076504982 -20.1767459901596 1.31675830145551 -9.61724630302253 -0.656201136875103 -7.90385051458407 0.824757923260111
Rhizomys_sinensis 3.72194450442641 4.5700346218484 39.1779792707173 -22.4262649685356 -6.85033766022317 -1.68610120111592 6.15427166225666 -5.06642807819122 7.08989501260866
Rhynchocyon_petersi 0.632960751494643 8.63065788164947 -24.2794355305254 11.7721636952371 -3.31174499580143 -2.16482657024559 -8.93380202813189 3.72086158304506 4.40971310222787
Saccolaimus_saccolaimus 22.0536191016506 -8.93387110274012 -1.91394518779709 -12.5231260662689 19.9491344013775 -2.56827123782016 -7.89396364321128 -1.2802917799411 4.32180843406921
Saiga_tatarica -10.1975628685259 17.2437023346253 7.63505172337942 -2.58441274115354 -13.3746511153529 -3.3179013098618 -5.97494758216479 3.58469098162963 -4.30493998047452
Saimiri_sciureus 58.5655982031502 3.19544977766478 -7.42328639399777 -15.3802149484611 -2.6239623706618 -6.3408644073666 -4.56533094213696 3.85608336837085 -4.24775957614061
Scalopus_aquaticus 31.7458943095023 19.0979158627023 3.35508287358656 1.47583304817888 -1.118809928394 4.77161475902857 13.5544914394578 -3.88398377289799 3.20138222877263
Scelidotherium_sp -22.1687828483818 -0.871081149628728 4.82461692945015 0.264231081910375 -10.5936991502814 0.415800266657356 -3.46818257397387 8.93283509790519 -1.42558588774319
Schizodelphis_morckhoviensis -12.5941482161502 23.423677938967 1.71695341159132 7.05264627254454 -7.05876181114056 -1.50987944386071 4.49348402976994 7.00505674731269 -1.56611764818527
Sigmodon_leucotis 25.7720396177041 2.72137846283793 16.9994337794368 -22.442925091251 -8.69535378555188 -9.48756517370665 2.27928986542522 -4.38224083444491 -0.404040286873854
Sinorhinus_cornutus -23.8832749712574 7.40613096928059 -0.353056068653117 7.3390639042756 4.01117982003222 2.35004594583857 -5.6728220789348 0.0991704802862078 -1.47001542169428
Smilodon_sp -3.6831248772605 12.7798747275644 6.20442635974983 -13.9150861218081 7.74657820693811 -4.88539613679192 -12.1537841716155 -1.21073300535022 -1.72066795093008
Solenodon_paradoxus -5.03466480844885 11.4830112255401 -14.3664645485967 -2.46506334959661 7.24172894015406 -2.43198686391903 -1.38595698290645 2.6501525062859 0.541584104281782
Sorex_monticolus 40.0348411279913 15.1551086694676 -16.8894805106007 -31.2479333042869 3.00236057587702 -9.56647707468832 -0.448968629604389 9.71335613641765 -11.8114246641772
Spalax_leucodon 40.6425538574751 33.7498409357804 37.4940240956568 10.7457855863075 -2.76328019400796 -6.30086763880522 -2.59134914833737 -26.3152881999757 23.5653217058939
Coendou_spinosus 28.0064813212498 0.44452887320613 5.96110566611264 -22.978618885203 -13.0955880057348 -18.6875051846401 2.954494805822 1.58058261756561 -0.480063197966898
Stegotherium_tesselatum -15.2065830312391 13.2311835927145 -0.391070933599538 -3.78784226402798 -8.17120552993548 -0.106925056411016 -6.9609268476662 -4.81956161446681 -3.13030759959677
Steno_bredanensis 17.2361652059373 18.1485063220817 -16.9044640486789 8.36716438366213 -2.61248341986915 -2.70501397186696 -4.96321919793449 -2.86731690501952 -5.28892750295342
Stenopsochoerus_sternbergi -32.0677844988091 -0.624108747852729 2.15929664658659 2.06163293116837 -1.51070086356284 -6.10266016844021 -5.17395110550494 -7.72517364732801 0.290997309733238
Stromeriella_franconica -0.831221550695304 -12.339500401678 -11.6877985472115 -7.56937127168888 3.76185229032037 -3.50758750893187 -7.9685026577597 1.02306465284127 1.62431686215615
Sus_scrofa -33.7198378118357 -3.52583496187822 21.2487829945578 28.1637557680406 -5.15406827281998 -0.282091211430301 -6.08149691757153 7.04878372226527 -4.26337640013088
Syndyoceras_cooki -39.1339344711656 -0.207919564763835 13.1792132241315 19.0600454461484 -4.82091572486389 -4.73422820907315 1.23760947538943 5.91904046818842 -1.02754550359596
Tachyoryctes_splendens 6.15842485556858 -10.1364143233789 40.7767297335787 -20.5214843272457 -6.24415517568124 -11.0933210385142 0.593900186897731 -16.371666604619 14.2456222171403
Tadarida_brasiliensis 17.8067419796377 -25.1625422443788 6.69335218515759 -9.61428707560877 -0.86243328296396 -6.79244306954631 -8.83712641641929 -11.5076776175004 1.36646331873324
Talpa_occidentalis 22.2723527473432 15.5459833449691 -5.88003677476917 -3.69701951544551 -5.15804680536599 6.78514689208563 9.78354057025316 0.697342649317957 -5.43809070036033
Tamandua_tetradactyla -11.172868225061 7.94828758635379 -19.5111275651724 -3.44671425666364 5.23850140449963 -7.06337126141327 -3.8364226522824 8.78710553712508 -0.505666976988629
Tamias_striatus 14.0636172771715 -7.70586295099465 12.8542037334844 -18.8543044939336 -4.36249395455996 -11.3169137563959 1.01573767349121 -10.2415869559204 2.1219451745563
Tamiasciurus_douglasii 19.9520920191205 -10.9661857861905 17.7645377692374 -23.2464508770183 -12.868975439495 -11.1964136726356 1.83435098569178 -6.17008109734968 5.86327129632535
Tapirus_terrestris -22.5113077310935 4.54350631392178 7.63752219994152 1.87469705015536 3.10308969666085 -4.07666041275384 -9.8481762196959 -8.76452331635278 -1.49979241118303
Tarsius_tarsier 37.2521276587142 -7.61511647776544 -13.4255396816979 0.301613339122947 -17.7280888303514 -7.07700145554229 -9.80730729028627 8.65816965391441 3.26926993249106
Taxidea_taxus 19.9470100342144 1.51175232948339 -19.8529164619068 -11.4443784824816 1.97016025033677 12.1520965277908 -7.44534031296262 -3.67685635154255 -5.12722569888588
Tayassu_pecari -30.1087776256018 6.55058114364758 -7.11234389741522 9.19262025805451 5.07230384694193 -3.38197094197054 -5.98280648770976 6.21486234491436 -2.86751288780074
Teleoceras_medicornutus -19.8689967722 4.03125407917702 -2.5282311298047 19.3327564067752 11.6453613302203 9.38767059346974 -3.65107618567287 -1.59542034267393 0.525324658349508
Tenrec_ecaudatus -12.1925921788007 4.90429926256256 -23.862019531271 -3.13935774952004 4.70592832079253 16.2942723648749 -5.53638830615365 0.0250149424135319 4.33437018767191
Tetracerus_quadricornis -22.168150099367 -0.149392885209305 -9.02824120330522 9.35116166579867 -4.78117435185657 -4.61237708557047 -6.94938007494993 3.19770959897901 -1.27854902547184
Thalassocnus_sp -15.9091702985739 -10.5466178609636 3.83187230020125 1.07644807396654 -5.25087497031413 1.28434659990606 3.2271001169007 0.65914389409775 -1.21486502733252
Thoatherium_minisculum -22.8543975529552 6.84948959794218 9.16593618125561 0.952533915983514 8.4028533166765 -10.3002292273752 -2.78036328958476 0.281293541032169 5.55694791810171
Thomomys_talpoides 13.1506756953065 2.82870697858733 31.2026681031065 -17.3570292390947 -6.76184185970657 3.50928259824815 4.20973194727562 -10.9121683586549 4.15019316818635
Thryonomys_swinderianus 16.8300416501061 0.417740102680456 16.4793169637056 -27.5331518637784 -15.3594971494015 -9.23188762922966 -0.725406486198989 5.2007163296459 3.33117726123157
Thyroptera_tricolor 30.9346940806209 -0.0355431138076099 -16.9060033078261 -8.27348598094253 14.8451695679035 -5.99679283197296 -10.6053282353641 -0.297374268904581 -0.276529910859274
Tolypeutes_tricinctus -2.77812891135897 2.80984634807319 -7.55239021616381 8.3190246423431 -16.3311482066131 -6.193203531301 -4.06127917201976 3.27700141898545 -0.822946446974815
Tomopeas_ravus 45.0976280229007 0.571468075405316 -3.4570839668486 -6.16324938060582 5.51921893857012 -9.58583483901669 -3.86566280760023 -1.22575616295591 -4.00033994571152
Tragelaphus_scriptus -16.7889586548097 -1.43315455005898 3.71376469285812 -1.74128286105016 -6.08676610417762 -3.7460684531068 -5.55059912304213 -0.533208525344928 -5.76758997624317
Tragulus_javanicus -17.2795319110722 7.00905548556756 -7.04424933547625 11.7635457903986 -4.98798189681988 -9.47292353384066 -8.31681732682863 -0.19862514738553 -1.3635520826504
Trichechus_senegalensis 10.1094691456712 3.41006220442018 18.7933292352872 11.0457191881632 0.360356049259999 -3.98300665229448 -1.22726078576104 1.54501183864135 5.7784630573868
Trogosus_grangeri -22.49417574744 -0.710098357220802 5.89696857876708 14.4505735117872 5.77246430813951 7.38903486413995 4.63807753592979 -4.52938580812321 0.648427499905996
Tupaia_glis 9.6817208991094 6.6293297926225 -24.3927598035035 -1.35355997683497 -3.27233949082906 -7.25553866530593 -2.59521037637337 2.28012819765983 0.628434066444007
Tursiops_truncatus 30.147652383628 15.3327996843498 -14.5605299031447 7.06366492573379 -4.61290121917241 0.836318019570665 -1.65420677567983 1.11302734234663 2.28520436423111
Tylomys_nudicaudus 8.82087644739022 -2.19204396007924 22.2178749997961 -23.2795019659123 -7.30815064735041 -13.7994986460556 -1.00410502735035 -0.883159615094992 -4.41474142829557
Tympanoctomys_barrerae 43.5652308304792 35.2459167123246 32.795249016397 -8.23818956794343 -13.2173983026566 -7.75326439525982 2.28056359180534 6.84304564070674 -1.37285803266963
Uintatherium_anceps -17.4581800166069 -12.517903261641 13.8311218992011 5.20776688126699 19.9523449442229 28.7231417196968 -4.41519282743451 5.87127314977133 -2.38187981725368
Ictidomys_tridecemlineatus 13.689308237767 -0.610852109011895 9.54679238307535 -16.2268325766025 -12.0193012997897 -9.57698653152886 -4.64554792866613 -10.3272722566785 1.81395167564883
Vampyrum_spectrum 8.18343450945912 3.71153289230817 -4.97898780654727 -15.4315415414464 4.92388371394911 1.12772468072019 -1.19738812719882 -6.25288032012875 1.25121816706911
Viverra_tangalunga -17.2054943909006 -0.580182752770768 -10.522684056052 -6.80852445260288 -1.23131155400932 -3.48311765392173 -7.33880999973543 2.13196046034306 -3.55192284274281
Vulpes_pallida -4.22711347806534 -1.60859124007171 -5.18038112104543 -6.42787298303185 -1.00998308129772 -5.3061405161287 -7.88682063035332 -0.326171979314405 -0.151472965743521
Xiphiacetus_bossi -14.3977653027443 26.1145181186741 1.16373806591197 2.6273904928086 2.1761958353673 -2.07661784681134 1.72196164661515 3.67342301498662 -3.54270382121906
Zalophus_californianus 19.0346923775858 13.1848856343459 -28.9034102976595 -6.7682512250888 11.0579756143317 1.57293036596958 -8.54670235939944 3.18161763749873 -4.5182873454917
Zapus_hudsonius 32.6356125906379 4.45492491349614 31.0993984889031 -11.7738318926316 -5.22068872919742 -8.6558608895029 -2.86379898613768 -3.27364716756765 -4.04378718030302
Zodiolestes_sp -7.32433212613436 -4.23226837421134 -18.1850925785449 -1.94364646807459 2.54391990547202 -4.28736498708009 -5.2518765537588 -1.54678002792915 0.694853848455202
