Acinonyx_jubatus -19.5938007572914 3.87888205302884 9.09649969905174 -4.71291847706283
Acratocnus_odontrigonus 14.9560447403137 -9.67683026201436 -4.40376858213292 -6.39037445184785
Adapis_magnus -13.8070066639542 6.06357622901356 3.89862063856248 2.45700761299277
Adinotherium_ovinum -3.33997747183994 -21.8894294748952 -6.76367646472912 2.92773980207766
Aelurocyon_sp -0.601245497790694 12.2214045473135 2.60422214885373 -2.02448307547397
Aepyceros_melampus -21.6364012401305 19.3775096841806 -4.55811738251657 -2.41608823109275
Aetiocetus_cotylalveus 19.4216329423286 17.4315452353683 9.49916860774904 -10.6455332064204
Agriochoerus_sp 4.23515441294049 4.30864194927956 4.30078510360668 0.411207443509157
Ailuropoda_melanoleuca -5.44859964949433 3.39939502700347 1.91540218532712 -1.98259589142766
Ailurus_fulgens -4.24767659257407 16.2458636499115 -2.76457136602719 -2.36984838998092
Aletomeryx_scotti -24.0811720049969 15.5214726998021 -4.91926294513946 2.2279120334402
Allodesmus_gracilis 3.53061805198431 5.10390885727839 3.7332555080392 -0.0955180448093613
Alouatta_palliata -24.1044564415334 0.846508318248993 -3.39358876753207 -0.0207430762548938
Amblysomus_hottentotus -10.1928582328457 -26.4830817265705 -5.78721225279259 0.33802771005913
Anchitherium_agalensis -19.4880827486826 10.2422172611373 -0.596129418034769 4.93068531835591
Anomalurus_beecrofti -19.8774995809808 -7.40900392200813 -2.71525954792293 -3.42647454145412
Anoplotherium_commune 5.72370584063112 15.3325826911414 3.211145849517 6.06764923368221
Antilocapra_americana -31.1995158044925 19.5326955653716 -9.75687704440261 -1.87454595983209
Aotus_trivirgatus -42.3738236966512 7.23971542471773 -7.980297407852 -3.19182757115769
Apternodus_brevirostris -11.699996875225 -0.529724518303279 13.0203061898681 1.42194308980893
Archaeolemur_edwardsi -20.8547362232039 -16.5214011766684 -0.698537547474621 -5.50619604986582
Arctictis_binturong 14.2634039068538 11.206502706971 9.56561728147959 -7.07218246601923
Arctodus_simum 14.6832264153405 18.1265079432861 6.58092249829236 -10.4849118290794
Arsinoitherium_zitteli -17.2291422402138 -18.4704780260306 -2.40411890475309 2.90947728251443
Aselliscus_tricuspidatus -17.4660205143852 12.1319156191629 8.90211024873277 -6.89475515441417
Astrapotherium_magnum -0.548128926132762 1.7217269838879 -7.8831868649422 4.55613031263653
Ateles_belzebuth -39.9201849736185 12.885035970012 -4.38511276896236 -2.16714001819818
Atherurus_africanus -19.532922332645 -4.5693535626402 4.23453405900934 -0.0368500317289744
Balaenoptera_musculus 13.4387673266261 19.9280326806667 -4.00099107487206 3.11649414879376
Barbourofelis_morrisi -15.8660400437969 5.16793070344658 -17.2485443797706 6.37280912964635
Bauerus_dubiaquercus -30.139411642642 -7.981562333675 0.14526604780577 -7.4209656057898
Bos_taurus -21.9745270307471 17.1269376290954 -11.8523272995485 -3.89235526145163
Brachyphylla_cavernarum 1.11926365945121 10.1822196767162 -6.12087510517747 -7.2785818742827
Bradypus_tridactylus -0.00733264844677072 -4.27023353988021 -2.18809597116532 -5.25842084265066
Brontops_brachycephalus 41.8567430884253 36.6911146809649 -6.61132688447634 -4.1029020903436
Cacajao_calvus -46.8830600854191 2.88736523368405 -3.36490740604715 -3.42298279378575
Caenopus_copei 13.0040774158084 12.9009367791846 -6.03050725744412 3.19260421412154
Cainotherium_laticurvatum 2.29855104896892 19.8865811123011 -3.55953603132808 1.19590015780421
Callicebus_moloch -35.4892019622329 5.09822411076524 -2.28016889760507 1.89734728399078
Callorhinus_ursinus 9.3283390320398 -1.92240463361339 4.41793597663286 -4.99277952759616
Callosciurus_caniceps -16.7340655348927 -7.95423746781496 5.1124016938327 -3.19477432237102
Camelus_dromedarius -18.2872631665553 12.5413586365112 -0.900933730484709 -1.37893558557367
Canis_lupus -2.26335719509119 -0.723641800314974 -1.89363276664307 0.756857739216363
Caperea_marginata 10.0405452420176 18.7190186533755 -8.78080334902802 -0.792350906548992
Capra_ibex -14.2801281266098 2.38925883551315 -4.99248495352651 -1.15917978695727
Capricornis_sumatraensis -16.8085857934492 11.7819810821237 -6.43465517589961 -0.101014813173444
Cardioderma_cor -36.886441152575 2.16422891992989 -2.0500174893385 -6.02192180241003
Carterodon_sulcidens -25.7317548501398 -24.8092746061132 -2.07642803733359 0.894014854558442
Castor_canadensis -8.32720413815363 -11.6835654632172 4.56494582097161 -0.115077229857777
Castoroides_ohioensis 13.4710834404393 -20.8793359438934 3.34015134298365 0.973108072333218
Cavia_aperea -21.5130115452584 5.1577568553892 -8.88857423921486 -2.55180828018963
Cebupithecia_sarmientai -47.94146630517 16.3960849750654 -11.3687475999878 -8.62660080681834
Sapajus_apella -51.8562189889961 5.56580711113557 -3.91442176744502 -1.55262452066618
Centurio_senex -20.4627758337794 6.05152180248564 -8.57468118486445 3.50167851669544
Cephalophus_nigrifrons -18.4875679447771 11.9689098274724 -1.93964780374504 -3.11206600647787
Cephalorhynchus_commersonii 3.80647973425318 -1.7606264655529 -3.08688375289529 -10.6978890100512
Ceratogaulus_hatcheri 33.4071613706618 -16.1559805818189 5.07765394965895 5.96704019499567
Cervus_elaphus -7.39244779223545 12.1579156831889 -3.48470019766834 -0.924153205392354
Cheirogaleus_medius -13.7425645948994 6.19599752928668 -1.03891090153435 -1.08823803982597
Chironax_melanocephalus 8.51349155654216 3.17659451766379 -6.18577878957544 -4.02711115720003
Choloepus_hoffmanni 2.30451043367861 -15.9731018021496 -2.50444296417606 -1.07081107128814
Chrotopterus_auritus 9.77908723651579 16.1464071247341 -8.66950110491736 6.68026788108389
Chrysospalax_trevelyani 12.2488147331282 -27.5921703444871 -5.98105995784864 0.11195577856995
Cistugo_lesueuri 5.45350945827238 0.211587004119506 -4.17670568975234 5.95509677653431
Coelodonta_antiquitatus -11.844306357733 -7.67950797971014 11.7936501000629 6.8927411823112
Colobus_guereza -37.4322084008889 1.13688383963524 -6.15997273410799 -1.72987743774341
Coronodon_havensteini 15.7568355943889 4.68250903220148 9.34880648344133 -9.40147981368454
Coryphodon_hamatus -12.871373136824 1.34320280602601 14.099113370576 2.86768326806552
Cotylocara_macei -17.4243884702507 7.77013380667281 -6.35099338130828 -2.53642830300243
Craseonycteris_thonglongyai 2.57250779442721 0.931464642562754 -2.80829705979961 1.55917075109165
Cricetomys_gambianus 21.1953892660504 -12.8769590515298 -4.10127573836261 0.400789524930047
Cricetus_cricetus 16.7049156306937 -19.1191701740004 -6.97105345983182 0.520960507269038
Fukomys_mechowi 21.7474243550914 -21.5944854718864 -10.5340071897844 3.54500455905588
Ctenomys_knighti -8.27982697087536 -24.3884839274809 -10.4515684060978 1.33236004119363
Cuniculus_paca -14.4667258600692 11.7567539044784 0.0211102202808357 0.844628625724151
Cyclopes_didactylus -24.9810566159156 17.4529874351912 8.67474436857068 -0.326010474239734
Cynocephalus_volans -30.8699924140251 5.92839145344925 13.02637223885 -2.20910737155212
Cynomys_ludovicianus -15.9617665023397 -7.51939601281595 5.75465002999935 -0.676270274780363
Dacrytherium_sp 19.7009301508171 17.5571218339747 -4.64007665012833 0.2011569036487
Daphoenus_vetus 6.33398468600251 7.0549973800381 9.04309863108046 -2.4453870811773
Dasyprocta_mexicana -15.1669776455056 5.58408483102108 0.69176355396582 -3.00869354643687
Dasypus_novemcinctus 6.59475583753518 -2.39618386763816 -10.0828696952402 -5.96990231615602
Daubentonia_madagascariensis -28.7804247856689 -2.16323426338658 -1.23356464220354 -0.0242438637989314
Delphinapterus_leucas -27.6656663097731 -7.97304734329799 2.22296949759988 -15.3814859680103
Delphinus_delphis -11.5230950294485 0.481027328413666 -9.51514713145954 -1.61937216317291
Deomys_ferrugineus -1.69529687214772 -17.302778497146 2.05450622769732 -1.29375244832468
Desmocyon_matthewsi -1.70528772679015 3.23466953888665 1.42570379987524 -0.918100541819249
Diaemus_youngi -12.1767093618894 8.127996759366 -2.25066760290172 -0.934853471423269
Diceros_bicornis 0.363367993809977 -14.26077132385 1.37543037087181 3.60509607325554
Dinictis_squalidens -14.0692656037025 -5.79464423456375 2.02695350272029 1.90570086705689
Diplacodon_progressum 38.5023751902615 20.3821183254662 -6.1256831561851 1.33751277661527
Dipodomys_ordii -3.03695109352886 -27.7375058415951 -8.51676355000117 3.93123561426779
Dobsonia_moluccensis 4.53076209064266 8.21628051614223 5.17696747859918 -6.55292544521443
Dolichotis_patagonum -13.3595172421353 3.7761002734026 -5.00424114010748 -2.2584703876328
Dorudon_atrox 21.113390121887 10.872632851585 -6.55612910991485 -3.64588680644783
Duchesneodus_uintensis 44.4680196318553 23.6761883291217 -10.1665904621927 0.642397663153708
Dugong_dugon -25.9242511171174 -20.215929791834 -4.05940227544017 -7.98455455469076
Dusisiren_jordani 2.9635997607065 -15.5276625010722 -1.89879805024879 -0.678163174336636
Coendou_rufescens -23.2554548137741 -7.95987128669748 6.21429530917003 0.863417306191806
Echinosorex_gymnura 8.84467869779567 6.7323290612436 6.66556364735286 1.07741231855239
Elasmotherium_sp 10.284765212341 -3.53160300246746 -0.41671509562233 3.41105712094128
Elephas_maximus -23.0450821397396 -21.4423346310071 -12.3434738525813 5.58824962534674
Eleutherocercus_tucumanus 30.6383198060455 -8.3680403900772 -14.0801226006868 -1.19146043118869
Elotherium_sp -2.87403801273305 12.8768096451958 9.8356861457098 5.03095295590553
Entoptychus_sp 1.92589717722117 -25.3886800101668 -0.615841660210935 3.64960344813709
Epimanteoceras_formusus 32.2646983783821 37.8518993868881 -4.29301203169826 3.13414102208819
Eporeodon_meagherensis -7.10909197999573 19.6857343174556 -1.2152033060305 -0.0937951841125695
Equus_caballus -17.2647381428946 8.55785211702433 -1.11003723713569 1.37173956853951
Erethizon_dorsatum -23.0675365775586 -11.6501185707442 -2.72110664592519 -0.361548301643393
Erinaceus_europaeus 25.1318182564152 15.4464363408056 -2.14051190887755 5.75740049743795
Eschrichtius_robustus 3.34189640272597 10.3483910367409 -2.35834351792528 -2.74424849072436
Eubalaena_australis 6.29925046333231 20.6226467465089 -2.7303695194703 -9.21113379360654
Euhapsis_ellicottae 18.6855616933922 -34.055637336184 -4.66580714004405 0.663876334338324
Eulemur_macaco -25.1515538551874 21.2834134213228 -1.86724826951433 -1.88780075324852
Eusmilus_dakotensis 16.697548065204 4.32861217395435 1.95000578590111 4.49772109479994
Fossa_fossana -4.45574186987761 4.30407421417632 8.81247226515859 -1.37742805028099
Furipterus_horrens 5.75019319915888 -4.69144837201821 -4.56488243204365 -16.0471485190419
Galidia_elegans -6.61681716796597 4.98568596237357 6.71019669031279 -1.82624554386955
Giraffa_camelopardalis -6.15143975961516 14.4622300052455 -3.06117675078086 2.8652120635092
Glaucomys_sabrinus -13.25000614413 -18.2764683631884 4.16174548985349 -1.05623690918928
Glossotherium_robustum 8.07331843045285 -6.27169006390706 10.3707380104314 7.01953964929504
Glyptodon_typus 44.4063231618287 -0.865441880868839 -8.40164883601967 -4.91560239148405
Gorilla_gorilla -32.8043847134836 -17.2456813145858 -14.4225988833511 -8.70927452323918
Graphiurus_murinus -8.51505059100792 -10.5195328097951 0.351393341826069 -4.58361313343331
Hapalops_elongatus 16.3602807907846 0.773358324343848 14.7948236778241 -3.59146771871958
Harpagolestes_macrocephalus 26.4706058353582 11.1525705902873 -6.15134124010115 -2.05427367716315
Helarctos_malayanus 7.47689409551589 4.52073981043203 -5.02795218704756 -6.43942324552471
Hemigalus_derbyanus 5.90469087131726 12.0399255007582 7.96428935453679 -2.66079601685185
Herpestes_javanicus 13.3910270275163 0.182137102202186 4.03040531320933 0.0439714036831821
Hesperogaulus_wilsoni 35.9634836231647 -22.3698929753571 -0.540144873194644 9.00187806681089
Choeropsis_liberiensis 3.92399107941644 4.72178388002438 -4.84523645704367 -1.69871048627671
Hipposideros_armiger 3.65269689200479 20.4254726228335 4.90535666088201 -0.895358436012688
Hippotragus_equinus -3.8210536761956 13.7220918980034 -1.2995431842308 0.888050017610473
Holmesina_occidentalis 5.11485274545975 20.187062454271 -9.6385303289554 -5.29662563226189
Homocamelus_caninus 6.60070070331859 21.4553871144501 -7.11826479722995 -0.437157887630188
Homotherium_sp -3.5491001260949 -0.245397635338841 1.92286217498663 0.0643847159838299
Hoplophoneus_primaevus -2.00053249271154 -4.53312317276175 5.45957589506502 0.893851209604766
Hyaena_hyaena 4.90400961647383 -3.73575964954635 -1.21247463827328 0.116974630035645
Hyaenodon_paucidens 17.8351763222677 10.0222559872366 -0.714592239282018 5.18104577348536
Hydropotes_inermis -5.77426116645239 2.99447518612727 3.04930837698343 0.607349663646952
Hylobates_lar -32.3122437390251 -10.180324387641 -1.16901720076832 -7.08539870462079
Hyracodon_nebraskensis 0.613368471121561 -8.91053313966803 3.14433921575617 3.24088256927677
Hystrix_cristata -22.7095257483812 6.54329293106573 0.618963670283665 -3.27358297204398
Ictitherium_viverrinum -4.81244679132159 10.1084971406159 -0.338918143593299 -2.78993446017588
Ictops_dakotensis 4.31206667541977 3.88882154941171 3.00535937769036 1.84396830431682
Indri_indri -22.3260360690988 14.5167783131685 3.29844944068722 -0.171067996936214
Inia_geoffrensis -6.33272654209297 -6.41862895558417 -3.97324589031612 -6.82639375364325
Kannabateomys_amblyonyx -14.8726001490865 -8.08127929688615 8.04894230869857 2.11527509197879
Kerivoula_minuta 10.0914332507574 0.718573859186829 -7.19805487111578 -2.55052589420691
Kerodon_rupestris -30.6537589205086 5.97689301213896 1.44361251258912 0.830659890626826
Kobus_ellipsiprymnus -14.1957929245553 14.6398365717791 -4.72095913375287 0.136222919630521
Kogia_breviceps -39.8545450258972 16.166843856383 -2.11369856407898 -7.10974079049796
Lagenorhynchus_albirostris -26.3417948421564 -17.0033994841717 -7.35458952629363 -12.2283632999072
Lasionycteris_noctivagans -24.3070955794766 2.76404598093754 6.26676089364988 -10.6861912079118
Leontopithecus_rosalia -29.218902341094 8.2503534909132 -11.5014728917527 -2.16588720024547
Lepilemur_microdon -22.9074358804908 6.92971523946282 -1.24772624136153 1.93299964136145
Leptictis_sp -3.15249894402491 10.0954976908727 -0.0475979136552202 1.89249209875854
Lepus_californicus -25.5140910135844 -0.401301265144258 -6.46240893473867 -2.72444874688588
Lontra_felina 2.50504915078 -1.94633452061567 13.6037387182147 -3.10128279799759
Loris_tardigradus -20.9800015493696 5.45881782251168 2.27079659173111 -1.75837806562085
Macrauchenia_sp -0.762577405735714 7.57254137817413 7.23238448371259 -2.74730408167203
Macroeuphractus_sp -5.9647501739862 -16.4300746764261 -6.34233413362035 -2.64441476017071
Macroscelides_proboscideus -8.794977232894 -20.7222681075194 -4.42058389649515 7.98214997004342
Manis_javanica 28.362080304676 1.46940331284254 -2.55876809468716 1.42516868261119
Massoutiera_mzabi -9.76612909187332 -8.87048156526983 0.531118345057696 2.46837918103432
Megaladapis_edwardsi 2.64809850859734 2.0542889087315 2.03192635567465 4.7031591946518
Megaptera_novaeangliae 23.078459404228 7.35057396851155 -4.4654079987167 -4.07368629486629
Megatherium_americanum 14.200797443685 -1.71961199833996 4.24735010685239 2.88993125880809
Mephitis_mephitis -6.0894658791332 -3.13511065668456 0.845047149018476 -3.40599034184635
Merycochoerus_proprius 14.1931932146587 -0.448898971185877 -3.61172708141445 2.33223888553407
Mesocyon_coryphaeus 4.03160087960847 3.77947192032189 5.28356229216703 3.08995181385592
Mesohippus_meteulophus -11.2710788753897 6.77793296582278 3.79947468462012 0.490441855530577
Mesoplodon_europaeus -8.30677934793706 -9.01423563786107 -6.55172359193979 -17.4403321930731
Metarhinus_fluviatilis 9.9945701059156 35.7479187784382 -0.737858865316149 1.02156463054417
Micropteropus_pusillus 0.205480914525101 5.85281284757046 0.189912092078341 -4.86080602672844
Miniochoerus_gracilis -3.16746726163443 8.42225887158388 2.71108686156227 0.814368056012974
Miniopterus_australis -37.1667900058257 -11.1614334878271 -4.98697178650893 -10.3495738403542
Miolabis_fricki -15.2515040968401 19.7871816164218 -2.93942579214852 0.414931339388935
Moeritherium_andrewsi 21.5378791461391 -6.79529412801693 1.45560154297034 5.00262341128344
Molossus_rufus -8.83297586715552 1.62472045730546 9.61202586514318 -6.14382860566117
Monachus_monachus -0.657614614877078 -1.21751252272187 3.97601139664308 -15.3729236376003
Mops_thersites -7.0543973325303 6.70214979907104 6.79070129224382 -4.3726985286291
Moropus_elatus -2.8452646560459 20.2427907018656 5.74121442704747 2.38028169576212
Moschus_moschiferus -7.07864920874252 13.1025780226891 -2.19048681310238 -0.801095826328087
Muntiacus_muntjak -10.9500283390031 8.25056819306778 -2.37729827299222 -2.10793608060022
Myocastor_coypus -21.5859207223321 -2.27159520670626 -2.49516436356028 -0.887618481702539
Myodes_gapperi -5.39849629544608 -20.016565656119 10.2675791544554 3.62268185514127
Myospalax_psilurus 10.3509436483664 -47.026197171512 -11.6500208999632 0.388425727906211
Myotis_vivesi -4.23535022077048 4.52520222885106 -2.13794476235729 2.25880915823062
Mystacina_tuberculata -11.2779844675978 2.33612844175958 0.810062644859989 -4.01213164257715
Myzopoda_aurita -13.0935997614554 -9.77755267454376 -0.208433771147012 0.176947486410687
Nandinia_binotata -0.423005098560947 8.02746690327382 9.09826367987701 -4.74343431717285
Natalus_major 6.48107999924573 1.17686828019763 -7.84103981836574 -4.58468456409222
Neofelis_nebulosa -7.65598029492809 -0.737434829189431 -0.116386872285659 1.85687962170075
Neohipparion_affine -11.9526179329551 17.9142690107957 -5.16371180111598 0.946239006810825
Neoparadoxia_cecilialina 4.68920553675409 -11.4080203792779 -3.14007004701662 -5.64487900761864
Neoreomys_australis -30.5788020244788 2.49109766698723 6.12667351015004 -1.85570984135745
Neoromicia_nana -6.67702742911552 -0.8274017631387 1.94866032029202 -11.3897958097805
Neotherium_mirum 49.2294434184616 14.7163082742715 12.7052390743262 0.601390326627919
Neotoma_albigula -10.5671403959771 -11.6434344558795 5.82468814253503 -0.700792436598759
Nesomys_rufus -9.54146117960116 -13.6620042314242 3.9897662033248 3.09749842250096
Noctilio_albiventris -17.1523750006849 -14.0636351191909 4.24730340154264 -4.19035962865489
Nothrotheriops_sp 34.8594118700474 18.5463623084899 5.37972646537633 -2.67896337727578
Notostylops_pendens -9.10559484170582 -9.48759335361334 12.8328279150944 7.72683013875285
Nycteris_tragata -7.75693582254171 15.9227535342064 -2.84482865066928 -21.591538189233
Ochotona_pallasi -12.882699140341 -21.7653331473795 -6.30378427575482 -1.9513830015645
Odobenocetops_peruvianus 45.3028874885576 -28.2387608434349 1.59986877746588 -12.5740972992762
Odobenus_rosmarus -18.2085397527283 -1.66489368913152 4.41821478242734 -10.0475796458853
Onychomys_leucogaster 13.667796184252 -17.1011120169322 -7.9082057164378 -0.962057569155909
Oodectes_sp -1.56382063678099 6.73365284776109 -1.72934806127249 1.83048776226383
Orycteropus_afer 8.51550998694429 13.3078645038981 3.03628045227031 -3.40003341712335
Oryctolagus_cuniculus -2.71213982411288 -13.7434603130952 -10.7341779340096 -4.44754366464868
Osbornodon_fricki -7.30066831689656 8.17996950860178 1.4057054876453 2.76249599862564
Otolemur_crassicaudatus -18.573270720339 8.5052179401312 -3.78487385200136 -2.89019874523376
Otomys_angoniensis 8.46381478639353 -17.3186920299952 -0.00623616132262477 2.29917103380472
Paedotherium_chapadmalensis -14.2590478381301 -13.428971852155 -8.57481093136614 -6.68207250331891
Pakicetus_attocki -1.64127863944704 16.0616215262962 -10.947253523159 3.222534294369
Palaeocastor_fossor 10.5613248162021 -24.8032630263443 -1.26543458350168 -0.0489184605814194
Palaeoprionodon_lamandini 3.25656513467758 2.63770661057131 7.93990226261703 -1.03924329750065
Palaeopropithecus_maximus -20.0081295995359 2.4078204981905 3.39490546304014 -0.698040017775659
Pan_troglodytes -42.1465280791866 -2.13691844662875 -16.1486964273515 -1.52885847857066
Papio_hamadryas -38.028560088221 13.4987335427082 -13.2682515056044 -7.04501604511744
Castoroides_kansensis -20.4370247021963 -12.8156976938056 -11.2321874048015 2.88488360554603
Paraceratherium_sp 10.5546871451957 17.5211309444468 2.00215702334304 3.44945277235173
Paradoxurus_hermaphroditus 3.73919744910961 8.39701074078707 5.88700295874022 -3.07866833114957
Parahippus_tyleri -7.54963139655575 8.33693584366399 -5.70319666265072 7.89944402294727
Pedetes_capensis -11.2360000865365 -22.7976008983052 -5.86109308234494 -0.746074329990121
Petromus_typicus -23.1418570763847 -13.9726506083388 0.385002871228781 0.499945866094679
Petromyscus_shortridgei -5.00254153466091 -19.0759391772637 3.02041177015364 2.19036438018124
Phenacocoelus_stouti -10.7085779868109 24.7618941822961 7.60616277783739 3.34306773906476
Phocoena_phocoena -19.9536578641807 -13.8247818898122 -12.5414654176387 -12.1304521805232
Physeter_macrocephalus 0.997149545082163 3.15889343894455 -4.92212418041191 -5.93652684699473
Pipistrellus_hesperidus -22.1279309537581 -12.1377218793286 3.2125983767319 -6.03501798129137
Platanista_gangetica 6.36195320965914 0.807081029209481 2.24762888497232 -13.1699771107308
Platygonus_compressus -11.4569675713646 27.9711614487929 -10.2066416124941 -0.880092334586654
Plesictis_lemanensis -26.9283882511903 4.75993116770261 10.5824937636387 1.64427457690876
Pleurolestodon_aequidens 31.4131990835661 -2.01200276587011 14.7900509102442 0.408782306636632
Poebrotherium_sp -5.44392827932775 13.0824373171513 -3.09919918786883 2.16049674900056
Pongo_pygmaeus -28.0077291719392 -11.4298705415743 -15.2829647808476 -10.0282496720486
Pontoporia_blainvillei -13.5292035750055 12.9530221802083 -9.45936780005852 -9.30898783679886
Potamogale_velox 39.4629371693647 3.48609006821584 -0.926807748196347 -7.44460352751451
Potamotherium_valetoni 12.7626668973732 -4.24480455474153 5.21692378118364 -4.72499460071862
Potos_flavus -1.63720855361441 9.00758071988985 5.53053939639301 -5.27461199421647
Prionodon_pardicolor 5.7898550926392 4.93626180243323 7.32592868425299 0.512156372904956
Procavia_capensis -28.9278323400235 -17.8648219716975 3.43344581255957 0.496563917182723
Prodeinotherium_hobleyi -5.7729855395329 -25.3129479165535 -9.96656777961076 7.31073731309416
Proechimys_cuvieri -19.6352883148679 -3.72544930616509 4.72632211115006 -0.172960408526736
Proneotherium_repenningi 22.7897211605914 10.1401800081082 0.025813774294651 -10.6208691418111
Propalaehoplophorus_australis -4.56167677355126 2.57233247362054 -6.83313538746082 0.980694028111362
Proteles_cristata -7.47171340352344 4.56858370634243 -0.877302785165571 -0.682654095162291
Protosiren_sp 8.06470827054838 -16.1723825628372 -8.00322242181657 -0.88456365175581
Protypotherium_attenuatum -4.78797659472217 -19.7038984980002 -5.00637371997825 -2.47436697610615
Pseudorca_crassidens -2.33426762515577 -11.0771921947095 -3.06457398907323 -13.4301318977267
Pterodon_dasyuroides 12.8598671602838 14.0361009485586 7.95123953213481 -1.56794938143138
Pteronarctos_goedertae 3.14294913474342 8.34390822170023 11.2837302055674 -11.1067106194572
Pteropus_niger 18.3419566423865 15.7669907422199 -3.08811826278828 -3.8846094196436
Ptilocercus_lowii -4.12087609624605 4.3335609869835 7.13305802700932 -1.9054726528191
Puelia_coarctatus -20.4187586231689 -3.12308506670273 -1.81651327970265 -1.37005179463231
Puma_concolor -13.2448409723291 2.48727696987669 0.510418104080882 -2.006853026085
Ratufa_affinis -22.318660955724 -2.73382977736624 -2.07149446175016 -7.30848446437048
Reithrodontomys_megalotis -9.04608219525847 -24.7410416675327 6.07086903957867 2.59390833672308
Rhinolophus_acuminatus -12.7022694747487 19.3400098275861 8.62716157178734 -8.8090682320089
Rhinonicteris_aurantia -30.1198628049295 -1.16923260364489 4.27715038029432 -7.19862108922419
Rhinopoma_hardwickii -15.7958319941349 2.97999007693055 18.3196190800544 -1.04466416872608
Rhizomys_sinensis 10.3853019927002 -28.9149178237353 -8.09881636492704 -0.664873201049237
Rhynchocyon_petersi -13.3355428749853 14.0357868041233 -4.5850812790802 4.98190925473814
Saccolaimus_saccolaimus -13.749207539858 1.65950464887904 -4.02061301771794 -7.66119282314792
Saiga_tatarica -24.6516859159758 17.9577892571209 -4.14383352665673 -3.06759491347379
Saimiri_sciureus -39.763064255561 -1.56807803460946 -7.79378067564314 -0.301444908321733
Scalopus_aquaticus 2.56473712283451 -8.30839590237375 -5.74685058499462 5.59261590859352
Scelidotherium_sp 2.58142095436761 9.91112062913913 11.7450217581686 1.40026203473122
Schizodelphis_morckhoviensis -12.6683658301901 26.2429893022607 -8.27185750818084 -2.86754276077108
Sigmodon_leucotis -21.5801381885682 -16.7381062173622 4.25918522848248 2.32482525892746
Sinorhinus_cornutus 33.0981230989293 -5.78749304213093 -7.60937591151671 3.19069061712369
Smilodon_sp -20.2318142615404 6.3481654381755 -0.879640350009778 1.08033081296965
Solenodon_paradoxus 2.80594783019227 19.6104927952433 2.2987171035069 0.419359779972504
Sorex_monticolus 37.5635305510417 11.2624063458064 9.31827894251135 5.37388314543478
Spalax_leucodon 27.046680998421 -50.0719969271051 -11.0379859775375 0.864050052948336
Coendou_spinosus 19.2817603896586 -5.16531120105336 0.552437859018257 -1.27004811539771
Stegotherium_tesselatum 19.1583201486505 3.11161912375839 -1.37766442683901 -6.50725695570718
Steno_bredanensis -4.62931003312999 2.4575539058312 -6.58055637136603 -3.95484348098211
Stenopsochoerus_sternbergi 0.578344758688254 10.842827597962 5.80159686870471 0.0249740955800077
Stromeriella_franconica -18.6832195099431 12.7672102616428 7.74302623569707 -1.37308852163309
Sus_scrofa -9.10072653768048 -13.0790260618959 -13.6447195411251 1.43033174010555
Syndyoceras_cooki -36.9971855713316 0.106529506611851 1.96139767198955 2.06342416047329
Tachyoryctes_splendens 15.1120194462885 -30.3994694736012 -5.8693679183371 0.993659407556493
Tadarida_brasiliensis -32.2304616813469 -7.66521533916112 5.86423180578513 -4.39651819569561
Talpa_occidentalis 38.5090069658155 -16.781737580498 -1.67966416695671 -8.09478018065459
Tamandua_tetradactyla 48.2811244749858 19.8552189610061 -4.84791905344515 -1.22613601055451
Tamias_striatus -8.38751499594468 -15.7527116270826 3.68486047396247 -0.535823912044379
Tamiasciurus_douglasii -13.6337200953642 -20.9198824297497 2.42945886387312 -2.4316256580377
Tapirus_terrestris 10.2119805698502 -7.78930710431397 -2.70005480708175 5.19505906066559
Tarsius_tarsier -55.8605366281241 17.2114898768862 -14.6721729730783 1.93312967583697
Taxidea_taxus 1.3892042642121 4.12072274492388 3.62696711777415 -5.44081728998342
Tayassu_pecari -4.92902188415921 17.2417643449946 -5.96313151044418 0.143006395721178
Teleoceras_medicornutus 6.91685488230349 -16.7440949962438 3.63003701610691 5.3439556768046
Tenrec_ecaudatus 1.59207942325436 21.4786667068052 4.59587163778992 5.52761264505772
Tetracerus_quadricornis -6.95446095254163 9.48997060424368 0.759173192616446 0.172399482098569
Thalassocnus_sp -9.46182574324271 5.45885351517071 9.33245227130232 -13.4391506060732
Thoatherium_minisculum -15.7036099140917 -0.406411076188942 10.3399130139429 -0.035278332725288
Thomomys_talpoides -4.54721208372945 -30.7784126408764 0.546968663926698 4.64917007756375
Thryonomys_swinderianus -39.8981787846544 -12.0329632175457 3.27441831426789 -2.84596008086616
Thyroptera_tricolor 19.9412634535459 29.9632723556622 2.13251324506462 -10.906183755786
Tolypeutes_tricinctus 8.59215275894292 -8.93368156794655 -9.16133840231996 -6.44150509486779
Tomopeas_ravus -17.631691212319 7.00618842445681 12.1382422999624 -8.13577561176028
Tragelaphus_scriptus -26.2719988900411 5.73071778616811 6.17892936055188 -1.24493547325448
Tragulus_javanicus -10.4798650435695 -3.22349829771536 -7.46958249792455 3.69163018623808
Trichechus_senegalensis 14.8959000931288 -21.0820774218766 2.45860797940728 -5.30671152390962
Trogosus_grangeri 6.92632104570045 5.0951577497113 -2.07878175197208 0.895151478703709
Tupaia_glis -5.47516776480634 8.55699802603365 -1.9349434040623 -2.84306216239526
Tursiops_truncatus -16.0287432307822 -4.64366514780167 -7.15201515169256 -9.60412704208268
Tylomys_nudicaudus -0.713457496442191 -10.1631409676574 1.63125598786127 2.13802064450782
Tympanoctomys_barrerae -27.6700309014723 -26.9914210325724 5.59549505078194 6.95810577150805
Uintatherium_anceps -3.25740864623495 1.14244500921089 -0.570711771315943 0.964636757065559
Ictidomys_tridecemlineatus 6.2115921824468 -16.6465134900063 -3.76498922164415 -2.48805839296348
Vampyrum_spectrum 12.4551058939179 11.1113059194196 -2.88575516070723 -7.6988023038324
Viverra_tangalunga 9.593693691781 10.3606828189943 4.76800103238988 -1.36200960528078
Vulpes_pallida -1.56037246615819 5.10883619633525 -8.00020679354123 1.25078986691453
Xiphiacetus_bossi -8.86864276722193 24.1739779358204 -6.77927085594292 -4.8358488731358
Zalophus_californianus 20.5727678632575 -2.12998170525175 -0.996639497330679 -3.67390064590644
Zapus_hudsonius -11.9927407961304 -22.2141281095219 0.0331096856506487 -0.055145414242891
Zodiolestes_sp -2.5800632082772 10.2036696435245 2.20696385669651 -4.48503740527452
