Acinonyx_jubatus -5.68618233582565 5.82094967211167 4.17462407931637 0.819973195513422 2.67616247312207 -0.537545578565969
Acratocnus_odontrigonus 7.82910269775244 7.23382702192866 0.647087413639088 3.04554652225759 -0.940698797368628 3.4717363009624
Adapis_magnus -5.33887867071422 -3.35351851109056 -1.70210448751146 -2.37397393941862 -1.14321469242703 -0.526973359026539
Adinotherium_ovinum -1.94833003588712 26.5156458444222 9.19396420835242 -5.46962621956006 1.74986170015484 3.8876053993813
Aelurocyon_sp 3.05561886238442 -7.7096874232541 -3.03249967385901 -0.950782235262347 2.51097172503337 0.116134320943913
Aepyceros_melampus -18.6060420292363 8.05095986690101 1.72524504528682 -2.12985827970045 2.66480820484901 -3.09261150195492
Aetiocetus_cotylalveus 5.60846234196764 -28.7963518580995 -6.89992746191759 22.9773531559144 -3.48965292974527 -2.74929096311641
Agriochoerus_sp 9.2826464472112 -5.29854711815419 -1.47060302078266 -2.30154626801592 1.99053085280682 2.13120756138369
Ailuropoda_melanoleuca -4.84020903096307 0.985996838033084 0.703247212998019 5.34850929389218 2.34263447679055 -0.330500933855048
Ailurus_fulgens -2.17912161677391 0.859503234845133 -1.69594084549947 -1.50741323990197 4.08301108765708 -1.16021101494908
Aletomeryx_scotti -32.668421651336 -1.501713800445 2.85709729540747 4.10312843169655 1.36138920345737 -2.56782354987329
Allodesmus_gracilis 18.4806789171471 -5.09177882573252 -8.84943293034528 -1.6815130058025 0.645078330607188 0.571921530021757
Alouatta_palliata -13.864882830097 4.05970668515079 -5.72464607428596 -0.0987558364856023 0.550614113086853 -0.786765337289171
Amblysomus_hottentotus 9.14750126423358 39.2290820783343 9.98548615178839 -7.885453450439 5.06905777159301 -0.480190892370958
Anchitherium_agalensis -11.3110024751677 -3.90291241935474 -3.46565098053185 -6.99480093998091 -0.162853161842826 -0.0286040643310331
Anomalurus_beecrofti 1.18350347805206 16.2962879388571 -5.14925659983693 -3.28866964782227 6.42416271486171 0.665203186214157
Anoplotherium_commune 0.777252628368785 -17.9171274098634 -2.18357877913278 -2.83286954360307 -1.05103515101725 0.0221749889639217
Antilocapra_americana -40.7198578315664 0.66579083249776 1.1114409202474 1.58624054791265 -1.23348883845594 -2.38236864126897
Aotus_trivirgatus -29.5665350541536 15.2804051138621 -2.21814872650546 -1.88306599495313 1.60460333359639 -0.585819025848509
Apternodus_brevirostris 11.6462100181671 -9.24725319249247 -8.58638935406804 1.83528955035877 3.6094831456131 -0.663516914996684
Archaeolemur_edwardsi -6.5371510324348 12.4485294561651 -3.31158937106292 1.20445978747298 -4.63685343615712 7.23459016303237
Arctictis_binturong 19.5463010334788 -10.9525180781874 -2.54383271147955 1.89124648108577 1.22444996243286 3.03811521732086
Arctodus_simum 7.18331355633901 -8.80460613397356 4.39030405350378 3.69758528944948 3.16626021910888 0.0832214712025854
Arsinoitherium_zitteli -3.23038491181205 -5.01308555561886 -14.225249389843 -1.24364277041541 -0.879428884621445 -2.72707185311953
Aselliscus_tricuspidatus -3.29565053658686 -4.41608377200946 -1.17391989473166 -2.09201982334531 6.6173967653835 -3.50536555898793
Astrapotherium_magnum -5.04783023830183 3.11839281960857 -2.12735145339745 -1.4030985623158 1.39217184676332 0.571076382023072
Ateles_belzebuth -25.3006141825728 8.49571753918686 -3.91316374345746 -1.57678134291087 4.05745491424778 -4.31490003672134
Atherurus_africanus 2.95150424437195 11.9165258927784 -1.2716230081039 0.479624361893054 3.76887663046183 1.94252527215246
Balaenoptera_musculus -9.11698669194864 -22.7405413610304 -1.52801677834795 7.93212791031529 -7.32737810953544 3.12223789005279
Barbourofelis_morrisi -4.85500054512853 -21.3354299276716 -10.2075403201245 -6.94150300705183 -4.07168639175973 -0.0513803975803489
Bauerus_dubiaquercus -7.55353121314695 -7.15628135770156 -10.4754962857997 4.33906571376174 2.39677458295267 4.06113589217687
Bos_taurus -29.1556327779362 1.99329471967357 -2.75266484621519 -1.79103430672451 0.447862537965037 1.13409629329494
Brachyphylla_cavernarum -10.1779519370922 -4.7144427145971 -1.17010753292422 5.5829250705719 4.59455641142135 -1.53660860045653
Bradypus_tridactylus 15.9691633218744 10.3843805521495 -7.66508316731306 -4.97090335404864 4.58254016704031 -0.0776370518983585
Brontops_brachycephalus 13.6678362870526 -25.5816208266267 -1.93767316040141 -0.89722561171303 5.46255118583778 -2.8698190255754
Cacajao_calvus -28.169006801099 15.7965965467379 -4.50925808326547 3.66613102144356 3.7315570697351 -1.19760943567436
Caenopus_copei -1.84627511928045 -15.9259901475668 -2.30926935154129 -3.72468161139047 0.391765629066888 2.13723689435904
Cainotherium_laticurvatum -6.27782022249304 8.21699953679728 8.39642456262527 -5.63492848980751 2.52951512179989 -2.28600109290942
Callicebus_moloch -20.2196552507041 10.1016727523727 -2.49466235353631 -3.91347984732434 -0.314554873379628 -1.82975031136507
Callorhinus_ursinus 24.1313792704651 -5.42820029293025 -11.0979778092959 2.71660794943584 -5.34365419039359 2.62668192215559
Callosciurus_caniceps 1.63731508125554 15.8835311563835 1.7526616537713 2.21138539076907 4.54893973006255 3.85011760619415
Camelus_dromedarius -21.7886300635991 -13.952609545428 -3.69828208861015 -0.457868985614025 -1.27259552783352 0.92866965403013
Canis_lupus -0.614623254481329 -4.56297079218724 -5.21013921115076 -2.65570896049779 -3.92572679426313 2.56827581017608
Caperea_marginata 4.01887418793717 -29.0717712027503 -13.6353645387957 21.6690124096096 -6.59583073980547 7.07928838178694
Capra_ibex -16.4933123945061 11.125913657174 4.52347146317427 4.17363787919594 1.39032375048089 -2.39642479862907
Capricornis_sumatraensis -23.125676420121 -2.75093437494426 -0.142302955600742 1.59153882910506 -0.765382585250184 -2.28143513537478
Cardioderma_cor -10.9567655690082 1.09741298324823 -16.8175925334514 -0.929616304646946 4.69074631632284 -3.51533026218021
Carterodon_sulcidens -5.19318263011109 22.1373216169301 -2.76483751227826 -5.57138681179038 -6.85443591040264 4.42179429265414
Castor_canadensis 6.40081171569233 16.5526508026677 6.89916029801028 -2.24402325669153 0.362417664625972 -1.96986892785094
Castoroides_ohioensis 0.514355249840568 11.1757063993488 12.7042073817061 6.11583520692251 -1.74723721816489 -0.0702019650496052
Cavia_aperea -19.4832958648699 10.492344139631 -1.35183271464643 1.30195845661064 1.39769846807203 -0.121140071169519
Cebupithecia_sarmientai -53.5291880434957 1.1773066878442 -3.59572309339884 6.90925412492181 1.46035972261188 -3.18438990407761
Sapajus_apella -39.584447483036 15.2065720522821 0.0463281628359199 1.81536166807617 1.72359281164956 -1.63190136157922
Centurio_senex -17.8064753252446 10.0384934608001 -0.14571575684425 -2.21394781372371 5.1295378227519 -5.10022883018947
Cephalophus_nigrifrons -20.5955752834791 0.452283345622041 2.71126063960473 0.939920007678483 2.91801839839004 0.380134791974866
Cephalorhynchus_commersonii 22.5368795924745 -9.24995422550403 -25.9659154331517 14.4246690667503 -10.3507397590677 5.18187985775323
Ceratogaulus_hatcheri 34.311385599704 8.22379061066394 6.66161333148166 -1.64754417599478 7.23371720943588 0.625286941419821
Cervus_elaphus -23.7281884117815 -5.49039411418768 4.83494085688258 6.28850744752652 -0.635080422210673 -1.19111608377036
Cheirogaleus_medius -5.5184474004317 5.79200524826272 -2.14747850648895 -0.153678091931779 2.9589963837539 1.34124648060481
Chironax_melanocephalus 2.17189845032269 -3.41845596549007 -3.7744696411315 1.84150183194657 2.56957764586041 1.51393795237209
Choloepus_hoffmanni 9.7382219751917 10.978633919171 -2.52493804967508 -2.50901007994043 -3.74388568111823 2.85532592890436
Chrotopterus_auritus -8.9587583587083 -8.92383178342595 0.527475063591346 -0.623820679703568 1.43710129006538 -3.58955061735699
Chrysospalax_trevelyani 8.93610288497913 35.0544164737084 12.6580316394622 -0.903872113171052 -1.12310928451267 -0.358456347752683
Cistugo_lesueuri -0.234120479712722 1.09977247160442 0.94052341597675 -1.5341160052954 2.09896902981486 -3.11442670411421
Coelodonta_antiquitatus -6.63424514842141 -13.0435685863527 1.40221466873688 -1.80395313135487 -2.32458770953796 0.110271866247661
Colobus_guereza -30.4106013431735 10.5025090288861 -4.04042960865393 0.6634030826516 -0.875206617759814 -2.0048817485148
Coronodon_havensteini 15.2716303213695 -13.893680929278 -5.14414315846824 12.7611121070124 -3.63262876946584 3.57147205277456
Coryphodon_hamatus -0.580445852113448 -3.84541048005479 3.21842567127137 0.554511645049369 0.569466934909928 -0.651283474968425
Cotylocara_macei -12.3946272625821 -4.8656608964045 -6.27364549154792 10.2843497475271 -7.69660866902376 4.61757579781062
Craseonycteris_thonglongyai 3.45839092585001 -4.53695156057504 -4.96660611124557 -1.48736218170232 2.50638090122475 -4.03713395335693
Cricetomys_gambianus 11.0114012248702 7.76005836726006 4.59170600358542 1.69396348379033 0.078320642342537 1.84896921421901
Cricetus_cricetus 17.2348830483662 12.6469622983371 0.0829247841531007 -3.98263354975253 -4.31891655899196 3.43645076841561
Fukomys_mechowi 6.67083163284457 18.6194860865017 9.65905929149813 -4.32951402921288 1.07345355052787 3.21446432627818
Ctenomys_knighti -4.30079924031517 31.2083062352454 5.85630011507146 -4.51123002609349 0.238507564348519 1.51177565344416
Cuniculus_paca -9.96977182859055 -1.18377109027672 -0.687916818009326 -1.22761872088573 1.7884345628754 1.63558680270146
Cyclopes_didactylus 8.3622034964762 -4.95609426010791 -10.2238833173746 -7.70587694251484 6.88305913682872 -4.20536050939014
Cynocephalus_volans -6.16075917287731 3.74782177630481 1.02832236016889 -1.29347030741368 2.01527044466597 -2.3752484075775
Cynomys_ludovicianus 3.15467265811504 22.8592320824207 6.41708530989777 -2.79113004772217 0.769171212111372 3.20347028754854
Dacrytherium_sp 4.14963668001877 -13.0389374140579 -0.625851332971086 -0.893247048680987 2.80839905988572 -0.996647863181305
Daphoenus_vetus 15.2329363027607 -12.0268525479557 -2.91461072340246 -0.10002687084628 1.65730262730006 3.3207432654824
Dasyprocta_mexicana -8.99473310201505 6.8398646572431 2.27593583059618 1.66188819312618 2.00490617262618 1.23172784437653
Dasypus_novemcinctus -17.8480485768324 5.17360196819199 5.16998624991564 9.77501304283556 -0.218651061032528 -1.70449075587808
Daubentonia_madagascariensis -21.4781656374376 12.9833062193031 3.53900258570867 -1.02435944460615 -1.20522808879376 0.548326052622568
Delphinapterus_leucas 7.2349156652788 -2.42969081088666 -27.3758322738778 29.733307936733 0.291697813722552 0.0819609475452746
Delphinus_delphis 1.17067170251582 -5.40388530331868 -19.4220157135277 13.3829781407914 -8.63551186376974 5.76561929826339
Deomys_ferrugineus 8.62378369942307 13.5254901819866 0.80169624139987 3.61186921890516 1.46031662445271 -0.684266949617863
Desmocyon_matthewsi 6.57884772221233 -4.07172260257414 -4.49085753214178 -4.07007183562017 1.18746283754909 2.12509429835603
Diaemus_youngi -6.75427688295771 3.89917253678837 -2.96869326692716 3.42755681511912 7.62340328329494 -3.55276642439662
Diceros_bicornis 8.75978514335965 -3.23706974537278 -5.01737209166101 -4.10668448078964 -1.01106381727436 5.07060148215828
Dinictis_squalidens 2.42461779283482 5.88439440901171 -4.48952317430348 -3.37104155809858 -1.18523655454168 0.0894639092932097
Diplacodon_progressum 10.8968133367051 -25.2587882834947 2.62544530081431 -3.8158386461904 -1.22641401567984 1.70976670498353
Dipodomys_ordii -4.84269637140142 24.9117357832662 5.77987869694833 -1.09877737083032 -1.5015274278029 0.931940654434324
Dobsonia_moluccensis 12.0423285474893 0.857787377581761 4.23830495214265 2.86339938821484 8.70149667490269 5.33339638663831
Dolichotis_patagonum -25.316048966826 8.22185757010397 9.3854874383497 -0.108234517648236 -4.71807343397682 0.562319535825678
Dorudon_atrox 4.33746859052818 -11.6568099233878 -4.41709669363449 -0.566363922371753 -2.85079461128353 1.62093850848562
Duchesneodus_uintensis 10.730348964515 -20.4931537093209 1.71183473697348 -2.50575219749671 0.516646829004571 -0.2082110657049
Dugong_dugon -2.57277702784983 27.5654177754239 -4.675009864525 3.0566912576273 4.44958507277803 0.0869968800169756
Dusisiren_jordani 3.79114878550129 1.4649830480953 -4.91268926188445 2.92544076003328 -3.51931795273127 0.315758150325487
Coendou_rufescens -1.02941103562621 8.71637496349183 -2.51760861499161 -5.24044196346055 -2.53963825242075 1.83944929766222
Echinosorex_gymnura 4.6541860403112 -11.5172231937777 3.16148924338071 -0.410441270962644 -1.29859773471719 -0.0475576990275073
Elasmotherium_sp 7.96049230737543 -10.8188532536032 -5.3936892352777 0.323498142793363 0.713190845047634 -1.87289383118794
Elephas_maximus -29.1298215915152 2.00378180531501 -7.23091080620308 0.637133304113051 -10.6196528591875 3.49833860882624
Eleutherocercus_tucumanus -1.87707653103724 -6.64995648635897 -0.365006168933719 9.78142603021628 2.66537241494863 -3.45329777428389
Elotherium_sp -11.5618912577202 -14.956811866534 2.24996926089282 3.04501964843648 -1.24568745946431 -1.78045809541762
Entoptychus_sp 5.42290158929004 12.4720694539937 1.97770557731233 -1.28430940619532 -2.14171857648789 2.72766641389311
Epimanteoceras_formusus 2.42150389598174 -30.3661258103143 2.38352976643807 -1.30880969362583 5.65194347877156 -1.39571234414506
Eporeodon_meagherensis -8.72065146514282 -6.13928095522317 -0.0649903341448368 -7.50723231377803 2.44504848367782 0.718226072102449
Equus_caballus -16.6705351912647 -11.1227800310081 -2.52143910026602 -3.51405629700857 1.20008504468615 1.9133119221722
Erethizon_dorsatum -5.4488591136564 15.3953770756814 -4.65294953390294 -5.94874595242132 0.79679806789443 1.03637292800348
Erinaceus_europaeus 7.62149783461742 -6.52047199522424 3.54959346337805 -0.653407254621499 0.307025308355533 -2.9674790381457
Eschrichtius_robustus -2.62385878971068 -7.17530080171649 -5.60977214489346 10.6114446836811 -5.73487208459258 -0.453960480842325
Eubalaena_australis -9.95859717240049 -19.6746881123227 -6.07703388587007 18.4951129763573 -9.30316133523088 0.323148805533739
Euhapsis_ellicottae 27.754432117099 32.2091532104912 10.7927386441971 -3.30800789759409 0.833766155093593 0.899528528688261
Eulemur_macaco -17.2643061985756 1.1617731790843 -2.50408211812159 -3.08058519914871 5.062982618692 -0.822875199853597
Eusmilus_dakotensis 2.14838891383169 -19.8960343336068 -1.72599228443455 -2.87321556907338 -8.12146913263045 5.0288540847844
Fossa_fossana 8.52853154446878 -8.89997963605091 -4.75225658690348 -0.592967923581849 2.43234028027469 2.5305957153647
Furipterus_horrens -1.71853945335734 -5.96236446278803 2.95052247355845 -0.985035603248276 0.0229784535783612 -4.06556934081938
Galidia_elegans 8.0116839534207 -10.1585120586389 -7.43161906993527 -1.93194826978714 2.08707417262498 2.99903431626116
Giraffa_camelopardalis -17.7786293778668 -6.68606015620245 4.20699788479345 -1.18631662992419 -1.15331114607671 -1.63642414222532
Glaucomys_sabrinus 7.0705204231556 29.9986064078983 6.52987546218016 -2.99648104278845 0.635862747979226 2.60986115962727
Glossotherium_robustum 21.4642189365293 -10.7244386153661 -6.41312662818792 -2.38680277952795 0.835845360459479 -2.3949732708185
Glyptodon_typus 3.98821054778294 -6.99323737293646 4.07509098480075 17.0680850223811 1.22253988604296 -4.67767985881894
Gorilla_gorilla -35.6840426634679 19.6740584442446 0.589001732984538 3.45371330439567 -2.75400677116269 0.15111939844005
Graphiurus_murinus 8.86219968148126 12.7002856591758 -4.88691036277311 1.79237868049141 3.14035699374756 2.22495104992635
Hapalops_elongatus 15.0150428632758 -5.44707904245123 8.63306969669256 -0.744129671688457 3.3247155646789 2.82036865904836
Harpagolestes_macrocephalus 6.87709434390926 -9.10413814725668 2.06498587932148 -4.95680515539476 0.139178557765642 2.68501741742193
Helarctos_malayanus 10.5108794517066 -3.41583807871695 -9.92698451041527 1.38641068231175 1.19126585847868 0.511950839795203
Hemigalus_derbyanus 13.281702438893 -13.7537342450286 -4.24362535955459 -1.88974710019594 3.55751161664177 2.53426758743597
Herpestes_javanicus 23.2617903968925 -10.4308110313809 -9.11922706686937 -1.82675999899558 -0.497436221131796 2.28254067861835
Hesperogaulus_wilsoni 40.7100737616955 13.4316483164366 3.97992157966356 -9.44413571504057 0.676999278427268 4.89807359300123
Choeropsis_liberiensis -8.86661630335834 1.80117643330495 5.35440793876057 1.66375083596917 0.0587394979429664 0.374742516506979
Hipposideros_armiger 4.62549402091293 -9.39158064894558 0.918119627747464 1.32122024708882 5.5428583039649 -2.96094197743764
Hippotragus_equinus -10.0737149339756 -2.27335427134391 2.86766225758211 -1.27009148353769 -1.65433471968304 -2.85514433021925
Holmesina_occidentalis -22.6124823657548 -7.18824825748324 4.06070450401938 5.86870041934512 2.12926028006975 -2.81089888650395
Homocamelus_caninus -9.99849885485627 -19.1598474521373 -1.88522527757732 -1.9599612529216 -3.22497828240843 0.888851682077693
Homotherium_sp -4.83342417550151 -5.13505903572987 0.901043930603338 -3.33288726669358 -0.298115661115697 1.39454417846236
Hoplophoneus_primaevus 5.57161989869822 -10.0129358638466 -5.56217927253786 -3.41469012748504 -6.6323622641581 -0.311820179245505
Hyaena_hyaena 0.881820415959607 0.419564303510856 2.07145235106625 -1.1850177734044 -1.78547070669175 2.20523282998076
Hyaenodon_paucidens 6.11587352619566 -10.4556727990589 1.98530819399397 -3.45738463578081 -0.59263364850131 -0.34030752989946
Hydropotes_inermis -11.2837955793591 6.78558904570391 10.3350918759488 1.94993395299147 0.483237318328998 -1.07355501927974
Hylobates_lar -19.3817326589993 16.4167439205164 -0.361111286902432 3.37760243273803 0.463398069728002 -2.1350828087902
Hyracodon_nebraskensis 1.66760036902752 -3.01639142997382 0.975987486561987 -1.61630745964307 -2.06134439421492 1.22873408327179
Hystrix_cristata -14.9673306037961 8.11525819925689 0.489252463413108 1.37334570663289 2.27466975918047 -0.509864072766984
Ictitherium_viverrinum 0.695567400960211 -7.93128353862851 -6.16514287515687 -4.22386538055385 1.55636241952588 1.76080250529023
Ictops_dakotensis 0.356347361737031 -6.7055779701897 1.59313061724617 0.377408595037797 -3.12412252781641 0.649942783682587
Indri_indri -11.3435606704548 -0.450329467693187 -2.33280069327572 -2.19867178239905 0.88677513208082 0.261206674662595
Inia_geoffrensis 1.99010536760761 -1.16845272700218 -9.59560755138943 15.335944412499 -2.90115382493298 7.29827226396805
Kannabateomys_amblyonyx 7.17520364387759 7.91016702892642 0.907154088813794 -4.88662251109236 2.05833303713603 3.04582309258578
Kerivoula_minuta -1.13424428716973 -8.40726032067369 -6.23318121948589 0.0357039774522823 -0.338952628203559 -3.56851057400243
Kerodon_rupestris -12.7086336449345 14.194832761727 1.70979966273117 -3.59857778897366 2.53746048508216 -0.802356154720891
Kobus_ellipsiprymnus -19.1743534167347 5.28799516433903 4.06758208546185 -0.981466550126426 -0.588788232957477 -2.4479864501764
Kogia_breviceps -8.57013856754916 -0.454073222893058 -18.6388659993642 42.0081775527816 -5.71299477444898 12.1422696974012
Lagenorhynchus_albirostris 1.44568527431934 -1.34845116922366 -28.4766464410653 23.0413194763927 -11.8285340991945 4.2450594210948
Lasionycteris_noctivagans -6.72709612453943 -10.093946894324 -10.2451199836144 -0.66405702653477 1.4058787423043 -0.663251865695019
Leontopithecus_rosalia -23.2466770201936 11.4916988529521 -6.55105212014958 0.207405253939652 2.97040405228132 -4.36275184452623
Lepilemur_microdon -15.0708422270331 6.25900046467593 0.110240812708732 -1.85038470066798 0.347868598531961 -1.47936353912302
Leptictis_sp -8.85887219837587 -9.05750102936906 0.190172477355357 -0.77850630151161 -2.57788772506207 -0.095512333312184
Lepus_californicus -15.1695225546892 24.2331519601942 6.36810541172755 1.67505223462024 -0.116984671258847 -1.26568215434676
Lontra_felina 31.6966564486956 -4.95873368192526 -9.21767609977785 1.03364198698771 5.39699274271489 2.32735473505856
Loris_tardigradus -9.80502509417664 4.72173633932615 -0.273347339565851 -1.13891698236169 1.20845157933775 -1.18518730883714
Macrauchenia_sp -7.77181163850328 -13.171359292401 3.34148041705482 5.15701323056721 0.121534805443868 1.93399200107695
Macroeuphractus_sp -9.12565503485974 12.3387321132104 0.639753670211025 7.85407870705811 0.503222286290272 -1.53988071984579
Macroscelides_proboscideus -3.66112344659226 6.65247316166412 -1.49359057378901 -7.82263236544024 -5.06083440081486 3.43925180622282
Manis_javanica 20.4942698858796 -16.1056768691351 -7.47741927240206 -1.01582188140484 -1.14807944852954 -0.61232952261786
Massoutiera_mzabi 2.15535499029317 10.8851891965388 1.23062328706951 -7.09013331004064 -2.0414283781788 0.15258781883198
Megaladapis_edwardsi -2.46767979310588 -18.5246013664118 -5.01150745893107 -0.309453635011418 -6.29698990946693 2.0903237841696
Megaptera_novaeangliae -2.52822639633848 -15.4295842735097 -1.17304399463283 16.6502632506952 -6.58949955496142 3.609314478692
Megatherium_americanum 8.28819067189001 -10.3828903410778 0.489586853363398 1.10200703334513 -2.85751021176564 -2.35987860276856
Mephitis_mephitis 0.743124454991105 -1.48317146511312 -3.60252452684814 0.744303580385422 1.2392444512414 0.366945438624739
Merycochoerus_proprius -6.29533157650673 8.51724672790454 15.2012299372632 -1.28094842547173 -2.20758648190361 1.66385452878633
Mesocyon_coryphaeus 11.2372414643449 -10.0196259352214 -4.13160608495293 -4.45367561841461 -2.74058160439566 1.2681133851263
Mesohippus_meteulophus -9.82907557947667 -2.54632502115477 5.53465648373639 -3.21075823313762 1.75627808548241 2.48138620627078
Mesoplodon_europaeus -0.324598891701557 -7.27130356153997 -20.3115621974466 23.9257948792158 -12.3961016592578 0.453786861398873
Metarhinus_fluviatilis -2.15293584287095 -21.2954430986573 0.37794898812671 -4.12582727342509 5.22256200898405 -1.05818592478427
Micropteropus_pusillus 1.01338179197363 -10.3775698947132 -3.07726388471314 8.3870363412681 5.03804861733185 1.0480770878179
Miniochoerus_gracilis -2.47576390967794 -0.796092235767698 3.11173592846401 -4.4329363106165 1.58911234634389 1.08884205104004
Miniopterus_australis -15.1847871869149 7.3647822059969 -14.7627104496679 0.261094645089752 -1.22601107052305 -1.04902166568009
Miolabis_fricki -18.7625401686089 -10.6537796313298 -3.35277397425606 -2.36951465354 -1.8203619995988 -0.0338849395140685
Moeritherium_andrewsi 14.834994554091 2.34075378137427 6.50763465244039 -3.28982160583481 -1.97480528947741 1.43767353261119
Molossus_rufus 0.210286116099007 0.292227484652754 0.41903125717674 4.16579810512019 4.85447139752604 -0.442970518390987
Monachus_monachus 19.037409595992 -0.376815864769954 -11.8007251559526 10.2883300904718 3.13087420735516 4.48875422328471
Mops_thersites -4.15011922896726 -9.66410240565098 -1.06974874595163 2.09493389474912 2.1438321672826 -3.38844940383169
Moropus_elatus -6.65261218778739 -12.4868235029017 3.1626086727556 -1.88793980527652 -0.168803355003663 -0.306221526920615
Moschus_moschiferus -24.0316095597398 -6.67399458615465 5.73641556258621 6.07187544393452 -1.67874325304399 -1.48007147423488
Muntiacus_muntjak -19.5865150555837 4.93251318071081 5.7238413628068 6.70075052124477 1.39670373865073 -1.80025902593173
Myocastor_coypus -18.9758597272536 9.56195930631815 4.06506284729004 2.54277946656024 -0.482226273408573 -0.397639850469151
Myodes_gapperi 19.6829566295053 13.285686594738 0.606576206573871 -2.70511701683659 0.897667815865561 0.418245295693828
Myospalax_psilurus 9.83086994107079 52.66188760945 15.0095772637075 -0.880607122858028 0.303014648000761 1.9297554412614
Myotis_vivesi -3.92971312763975 -10.7805867330505 -6.20501738380786 -3.60802266607555 0.114433815759441 -1.69475357854344
Mystacina_tuberculata -4.40709610968059 -3.71582449657206 -6.21547235327367 3.30287444025219 2.76731185606795 -3.82387374975327
Myzopoda_aurita -2.25333292293882 -4.67010207617994 -11.2423628014242 3.05480705752712 0.28836820747024 -0.274601722119442
Nandinia_binotata 16.7212291326175 -12.2455656744022 -9.95629585625257 3.04965727889109 5.60261061112438 1.90763109819304
Natalus_major -0.401161642952338 -1.07386639543728 -3.55430518470032 -0.99553061089418 3.86199447130489 -3.20684722156733
Neofelis_nebulosa 0.0137238229056279 0.262638638955477 -3.84998740940661 -3.16336524737536 -1.51736845647532 1.66740946194361
Neohipparion_affine -24.2432920990217 -9.91581327832844 1.19395534056426 -1.215305677377 0.22063740877482 0.830934236889494
Neoparadoxia_cecilialina 4.09407696434482 12.1830869718089 3.03996731759195 5.21147379281261 2.1357046500573 1.15330207726232
Neoreomys_australis -8.78023566516286 10.2743848779645 -0.613122490214738 -0.282182207210247 3.92946041736676 0.599002048156264
Neoromicia_nana 4.89077863962193 -3.09053655708578 -10.5705541792986 6.51237115043762 9.11312286184893 -5.65365023086779
Neotherium_mirum 36.8195197595552 -28.084193956895 2.61422915848433 -2.1526384369889 0.153108151097034 -0.901364979232864
Neotoma_albigula 6.27752095013514 11.5851288103592 0.997680666494467 -0.0191241902167931 1.67034566116585 0.278318992310102
Nesomys_rufus 3.29991276286895 17.0493065349475 4.24062920190916 0.609795597699268 -0.164391389948308 0.361848503614639
Noctilio_albiventris -5.42517210532619 5.70950293813352 -3.97483367610367 6.0267372261997 -1.11624142545273 0.191537563022552
Nothrotheriops_sp 7.71849599898179 -19.0665289381507 7.35931466179525 7.61003021288647 -2.00030977285294 1.80086460096397
Notostylops_pendens 2.89713943137981 -6.87465676951187 2.75460100314004 -5.17502683926095 0.482128003198744 0.316958227711847
Nycteris_tragata 0.048187523303914 -10.7175994358777 -0.657399964394722 4.68473682150718 6.09577308756882 -1.65046803452547
Ochotona_pallasi 1.76696573646325 24.7493823992853 -2.33486155369441 -2.44833691257051 -0.827740995672552 1.88880063817271
Odobenocetops_peruvianus 58.5227905244846 15.5321273087522 -24.5386437555968 26.2965391610004 -14.9286100739246 -6.56871480376885
Odobenus_rosmarus 11.0183784034197 8.59690163572553 -11.9775897292645 6.11152570659286 0.342735531403658 -0.343430968448056
Onychomys_leucogaster 12.2849118065494 15.5526174700626 -0.333210972909794 3.98683623121022 4.83738915859979 -1.51072087828711
Oodectes_sp 5.48364452300116 -10.312634901806 -10.7812808276893 -1.93517925964618 1.49040440314411 1.75268528727548
Orycteropus_afer -6.52890013310358 -13.0587320271336 2.92065501608081 7.69957299446968 0.340420129233313 0.428242843563442
Oryctolagus_cuniculus -7.59481508600492 28.8209855752224 6.30828045216023 4.07535132367992 0.571957475436022 -1.22967728553911
Osbornodon_fricki 0.321010737725235 -7.68503656190062 -5.68996242877463 -5.33748452276749 -0.662918654154906 1.42215404034174
Otolemur_crassicaudatus -19.5186101711539 6.86015029520148 1.58667452953418 0.69105807011747 0.895659383469122 -1.35399156337089
Otomys_angoniensis 14.7469424985492 11.8882958855127 1.76935906602693 -3.1782388280614 -1.06271399971256 -0.0778833073095335
Paedotherium_chapadmalensis -21.511403878673 16.9762653617173 5.48881764693003 1.08591086999013 -1.53838782039807 0.00540248676287156
Pakicetus_attocki -16.5058557791613 -10.2271893338581 -5.66079365882948 -8.26655585283783 -2.16960314229934 0.818677587368044
Palaeocastor_fossor 14.0370010924963 17.474747056856 6.32846524730215 -3.3826307669676 -4.21875957267772 4.61368697456873
Palaeoprionodon_lamandini 23.6486608069527 -10.523079609124 -10.881275027602 -2.99503692687107 1.14351433709806 1.06859883787848
Palaeopropithecus_maximus -1.91863247996703 -1.7193635015495 -7.5949307670655 -1.59839204760186 4.29260780392302 0.603745831921702
Pan_troglodytes -43.6279866813798 19.6218928950387 -1.51985617481892 2.49657074017577 1.06655032956929 -3.34456395785752
Papio_hamadryas -45.1650296964354 12.1466741292831 2.27267443030368 4.29600737870238 -1.02186302851983 -2.62760844597661
Castoroides_kansensis -21.8745815593082 20.1667985018565 -0.107281089082555 2.41028743924781 -2.19693886773584 -2.72246324573934
Paraceratherium_sp 18.697414628132 -5.49845674459291 -2.52878922752777 -9.32315789557975 3.78097845378389 2.86131014085491
Paradoxurus_hermaphroditus 12.2065610127459 -10.0122343871168 -5.5477192369242 1.76024863303888 2.88910709539555 1.69377578416755
Parahippus_tyleri -17.5149661635129 4.77745835481715 8.47818744816176 -8.66660509527722 -1.51418269813005 2.1496429942749
Pedetes_capensis -16.3017278953813 30.0710126314383 10.4539862202387 7.02115222059007 -3.65532303877864 0.264324264401064
Petromus_typicus -9.21631732736405 19.8373269474918 2.27070817711038 -0.339925511239988 -1.00216609382922 -0.18925374702136
Petromyscus_shortridgei 7.48398011362552 14.8317657738539 1.17280838223554 3.13047009200281 1.96337022424958 -0.533797881062719
Phenacocoelus_stouti -4.52628831226002 -15.1954443520213 -2.96024897560947 -3.79807455186549 2.93936669478902 -0.787252645231718
Phocoena_phocoena 16.6659520372076 4.73683806387295 -37.6788324085836 21.3510539963028 -11.0235864314283 -0.189464337059045
Physeter_macrocephalus -3.69295344092124 -13.7436751482775 -13.589516898263 19.6976800362856 -12.0132057301682 1.53804452919291
Pipistrellus_hesperidus 2.37880235178785 6.82777254830758 -10.2030871418102 2.12111926937078 2.21415371639874 -1.73400426537137
Platanista_gangetica -1.94178336853656 -16.7304276110338 -8.18512431969047 16.2245791538249 -1.56813153770176 3.97346011891825
Platygonus_compressus -27.1567595161521 1.88225080121028 6.37390133088237 -1.12522154544572 -2.99738878056414 1.62075571879985
Plesictis_lemanensis 12.9733242341801 -12.9894650689094 -19.1673531211651 -6.33059922557572 2.02938272772186 0.984886564520985
Pleurolestodon_aequidens 30.6756661072086 -11.4510303426046 6.15215074945729 -3.40626127988617 2.16608041408203 -1.25109594477774
Poebrotherium_sp -15.3085587570647 -10.5292697842107 0.892069855708763 -4.09392320463095 -3.2033285388623 -0.61517103366586
Pongo_pygmaeus -31.5939471350519 18.8905951199219 -1.2520573614586 4.90101203566258 1.44058706840072 0.381622188903492
Pontoporia_blainvillei -16.4694564318463 -1.87496721317437 -9.28217125145112 9.49140427552928 -3.56278345969159 -4.19823465884054
Potamogale_velox 23.3477705842429 -14.9860137338225 -2.94374396970852 7.63149150791902 2.96296226047415 3.77618156572305
Potamotherium_valetoni 27.5668974264818 -3.56703910727908 -6.64969389894674 -1.86256767987382 0.86947432756417 2.08298663898015
Potos_flavus 7.09248132147509 -3.60824942745429 -2.43258489025624 0.305435490881028 2.85030867197629 0.146628238782149
Prionodon_pardicolor 23.2776593645499 -8.81007115614238 -8.6211648582648 -2.88380957015319 2.61011452632 -0.66195390506443
Procavia_capensis -2.87534331787683 14.1566171699009 -1.84959373439896 -1.11778617871227 3.44160418386287 -0.748728158207547
Prodeinotherium_hobleyi -6.3864655065596 12.5948381441786 -2.57354497469651 -4.57012500962967 -8.94749845384073 3.9479780884255
Proechimys_cuvieri -4.97646769405119 5.77773880680441 0.4507187589192 -3.02898965330603 -0.442683356077727 -1.69346779241809
Proneotherium_repenningi 26.5786921626907 -15.806127785483 -12.9690626920677 2.78489617896363 1.68866982070169 4.58603540138517
Propalaehoplophorus_australis -11.3323304581888 -0.0457049115668506 -3.30993276007647 3.67439759071539 -0.133795633205564 -1.34714008533836
Proteles_cristata 4.92545299182291 -0.90244193801346 -7.69061576471449 -3.98172370298097 -0.844193911843398 -0.559514112239126
Protosiren_sp 2.8159008116407 10.9593688680556 -0.103270274997956 -1.24246509000137 -1.73985484487791 1.18597082997287
Protypotherium_attenuatum 4.55220456337777 25.1954336886313 4.01750281378198 -1.09829124118589 6.38804400506945 3.70519548069353
Pseudorca_crassidens 12.9909552284672 -1.89923326218354 -20.4567251015699 24.4671447572093 -9.71341548549386 -1.4903006303122
Pterodon_dasyuroides 14.6864088914137 -18.4223457761409 -2.97506969567989 -2.74123377518297 2.33442805474645 3.53746273258265
Pteronarctos_goedertae 19.8145568387815 -15.5436382367174 -11.3024500112588 5.73047635291313 -0.651078945312205 0.845338767949941
Pteropus_niger 13.9150417156657 -2.46185739084451 -1.41288557616591 1.34587519119171 8.67906339296609 -2.37020572350472
Ptilocercus_lowii 4.58823832045109 -6.10483970408509 -2.5385324870273 2.43517394650197 2.89516154922718 0.793478519954347
Puelia_coarctatus -11.9226584343767 7.33917928357388 -1.67288458287121 -1.2908543145617 1.12230049945605 0.0301795153888336
Puma_concolor 0.615898758735807 5.24331139614822 -3.67025258026315 -1.88903815576026 5.54877887241167 0.068431573315519
Ratufa_affinis -0.0409513135178404 21.9021213380772 -3.59918841609994 0.297691473209413 4.5778762085564 -1.53309830665976
Reithrodontomys_megalotis 8.89287482337467 19.3594601300283 4.64807734746436 0.114553968164502 2.55280068378549 1.16845642697332
Rhinolophus_acuminatus -2.98488037466117 -4.46513837304834 -1.75005788480281 -5.28073632167502 7.02738438897581 -4.85445987278479
Rhinonicteris_aurantia -6.31320500990488 3.03932628799505 -7.15933188281684 0.628339602254032 5.91446999991619 -2.18196937332627
Rhinopoma_hardwickii 8.74946171612107 -7.91411833923132 -1.93185003824435 0.471488631489987 6.12875819430901 -2.9426215298522
Rhizomys_sinensis 10.6875256213814 30.5190905903915 6.36764283106965 -0.0661439624120759 0.60860957813062 1.92939290916452
Rhynchocyon_petersi -22.6837789268031 -5.29371610296399 1.11563453782437 0.908278368554167 -1.24954948619336 -2.68408052370959
Saccolaimus_saccolaimus -0.295001924503378 -17.8262800470609 -4.62401095919948 3.31635498545153 -2.62410279141796 -0.506941851413744
Saiga_tatarica -28.9345063618117 -0.454560976542939 0.799599614310125 3.4055052506067 -0.25876856994383 -1.1405273156725
Saimiri_sciureus -28.1117991480592 16.7762553579975 -3.8258931492181 0.315066582904421 -0.905763257746746 -1.25460616142568
Scalopus_aquaticus 13.2331858267453 11.1983786207605 -2.72402982494066 -12.6319980006851 0.0232192488974099 0.901879255673389
Scelidotherium_sp 3.66948271780208 -12.7268189593079 2.46845818788853 0.553478628119603 -0.281237002187475 -2.17676940482623
Schizodelphis_morckhoviensis -27.1514194853974 -21.6748431244088 -10.7898292119105 10.7962144570263 -6.32055966968067 -3.72200525132517
Sigmodon_leucotis -2.48299235657827 17.1132081981613 1.01206266265121 3.16093548691033 1.68596708186636 -2.15013593749935
Sinorhinus_cornutus 9.34228285390078 -7.29817019995318 3.06113471131654 -4.13258281647034 -2.82115461358165 2.01899556429879
Smilodon_sp -7.75075054943113 -6.95286268135979 -9.11530290931607 -4.8490184661729 -1.30661866992715 -1.11743248850069
Solenodon_paradoxus -5.3900291616174 -21.1442412510503 -3.44776146405541 2.95420259464764 1.46745303555096 -1.97960039638177
Sorex_monticolus 32.6482432610659 -23.0828787223807 -1.69976969087652 1.3276620597989 5.64367482522234 -5.94668274189
Spalax_leucodon 23.2267890678062 44.4424515546344 12.9187817788597 0.172042306198862 2.29239715431764 3.93689541937703
Coendou_spinosus 5.75312510016589 0.0232462441828677 7.5217866958873 2.22662142020812 -2.78028723933475 0.945918745859405
Stegotherium_tesselatum 0.20606343566989 -6.01927307557096 3.13009738194095 7.32339466636522 3.97211885930891 0.547169781496626
Steno_bredanensis 1.15543902820261 -7.80883866114605 -18.8845034711048 14.8167487618403 -12.2952680923835 0.268430162938498
Stenopsochoerus_sternbergi -2.61930632258035 -4.18010756594406 6.76321710402967 0.0133262286755466 4.77762611727644 2.22078853890366
Stromeriella_franconica 11.1970895353011 -7.55890609879223 -14.4099796988077 -2.42993053506258 7.24704933410082 -3.08041926882747
Sus_scrofa -24.4245170827442 17.363463451509 6.5610848927558 1.300703316222 -3.93889146694959 1.13127116644278
Syndyoceras_cooki -35.1827618323276 2.62317498561988 3.29638270177988 2.22939989404044 -1.62765410695989 2.17332344959571
Tachyoryctes_splendens 10.5760135266532 24.4171272215731 8.38458129201185 1.19989038702452 0.32523029013368 1.05596811121704
Tadarida_brasiliensis -7.25031189717211 8.22881653862452 -7.47703154034287 -0.668272531513073 6.17081669943938 -1.51551056052023
Talpa_occidentalis 26.1995907042798 5.57467829919069 4.24160756938029 5.61374199242329 -1.85692016811817 -1.63986448391083
Tamandua_tetradactyla 14.0726919493323 -18.560034831366 3.99624377791323 1.96516961379962 -0.155178995923675 0.686075337363197
Tamias_striatus 12.3170614478429 20.1425932767081 2.79449802210997 -1.780650059407 -1.2249183460791 1.28107982207993
Tamiasciurus_douglasii 5.11259874260614 27.5455896502644 3.47797016803703 -0.46472053209716 -1.17590846417163 1.86799818245583
Tapirus_terrestris 6.93373985034693 -4.99972556790749 -2.03605323912118 -7.12857391412828 -3.92761816741996 2.52120079487775
Tarsius_tarsier -53.0261650607862 15.4056607044475 -0.255534087880478 -7.68931827359801 -1.92954425262429 -3.90884912007862
Taxidea_taxus 13.9140036621104 -2.8958204191158 -6.46973784425886 -0.776453462186269 3.23381835132771 -0.00496451274394475
Tayassu_pecari -19.2479376999896 4.8172128690553 7.18688761697375 -0.762252963213877 -0.147778977744629 -0.174258055779865
Teleoceras_medicornutus 11.4686123759843 4.62735620310622 2.91050931249826 -8.41346560395576 -3.80979041515561 5.62089551391142
Tenrec_ecaudatus -2.38497622892571 -13.9218252415121 -1.47121535831454 1.15365790698569 -5.50788799566098 0.726360835584719
Tetracerus_quadricornis -15.0583654071466 -0.0983582012456254 7.66354311548033 0.650105923832833 -1.04924794884748 -0.221388308653594
Thalassocnus_sp -1.20598119258809 -6.44724151109895 -3.73746312666823 4.04255497340856 0.593315786962452 -1.6027637845121
Thoatherium_minisculum -10.9172046094783 -3.95997644805911 3.68393442829349 3.53185990856684 -0.219473409064529 1.57259547188664
Thomomys_talpoides 13.763368146898 21.4132104108126 6.13173526213837 -7.07360910429387 -2.31053694086026 3.78195251691377
Thryonomys_swinderianus -16.3005656269878 16.4732251011184 -3.12567254292692 1.75310595790598 -0.360584321566174 1.74682429722909
Thyroptera_tricolor 1.58686021118331 -23.9202896313291 -0.0902499200353883 5.1093011819978 4.43351799577186 -4.90154603101192
Tolypeutes_tricinctus -8.65925924755563 11.2391445314253 6.62744641414273 5.54130067652699 1.86752091726161 -0.541920206918938
Tomopeas_ravus 3.55650360146323 -9.88245502055513 -7.02786066986803 -2.26295351620078 4.69694056426803 -2.63519893716756
Tragelaphus_scriptus -14.9223991639779 1.97566052141104 1.86189760337556 -0.438948362467672 0.613519973097695 -0.941972567380192
Tragulus_javanicus -15.2899498638825 12.8023682392135 3.87105868803651 -2.83772304761167 -3.13609247260654 -0.140573554222748
Trichechus_senegalensis 19.1457728593948 6.84406133045041 -0.124771729803244 1.37904308933991 4.25238062911698 1.08464129145488
Trogosus_grangeri -9.04796897438805 -5.62655656758994 5.11813015252651 -0.502563378952275 -0.256705210204417 0.821654541976967
Tupaia_glis -7.34355542964646 -6.54301267990605 -3.19059514745879 0.622304328955282 -0.0424633902624771 -0.831589243583945
Tursiops_truncatus 0.477798531074305 -2.51301475861953 -20.326508352734 23.465793028608 -9.38168801195051 4.41277951920841
Tylomys_nudicaudus 10.359832818184 4.03925625738782 -3.37816724136001 -1.8938264084357 1.95211075546584 1.24352139959424
Tympanoctomys_barrerae 9.66192286309164 22.9456720624138 -1.23605016841825 -12.8939326721217 -1.17282577532338 2.86599342577862
Uintatherium_anceps -5.71922874276237 -0.485035547495508 -1.0244343168094 3.98932557922433 -1.3358256695776 0.00730068568595779
Ictidomys_tridecemlineatus 6.15011341935866 23.1451898207091 5.70372275232485 1.74110007761874 -1.92088297507875 1.42423040399089
Vampyrum_spectrum -5.60415873814391 -12.3716381248477 -0.211345523715149 8.12061812464795 4.21691253550723 0.765015360950414
Viverra_tangalunga 15.5266980414632 -15.0545443633691 -6.99718064692626 -0.417924612356608 0.970859504716846 1.5086493796299
Vulpes_pallida -0.321077182329189 -5.75479802448622 -9.32506786124528 -5.18555184720192 0.548419591770354 0.616079856673844
Xiphiacetus_bossi -24.3920951661049 -23.6240827004594 -9.15026454406931 9.15820077110487 -8.0960065520831 0.482381129993309
Zalophus_californianus 27.5161491239382 -6.07721751199043 -11.6032168651704 2.1997388603945 -4.18417584842335 5.04093941551753
Zapus_hudsonius 4.8840720029621 28.0029945849499 6.51876036040246 1.28067640604061 1.39745601946086 -0.200270447313075
Zodiolestes_sp 7.55413726975207 -4.36333957085595 -6.91453755326889 2.46486767893879 2.33088878825689 -0.501301047083465
