Acinonyx_jubatus 15.2829009960147 -8.98766114153413 0.0207669156701272 5.58407205817635 -2.64476963624309 -4.35017038436499
Acratocnus_odontrigonus -8.87935116940227 13.7454456688977 -12.6768576709174 0.220656974728576 0.262703780361567 -0.892155679076668
Adapis_magnus 0.311780874388951 5.25614839807673 6.63944298717397 2.37554763402708 5.14706067284561 1.89845522971789
Adinotherium_ovinum 5.18427368457516 14.2629947377163 17.650050259823 8.53811677877979 -5.20459229346084 2.82088242239756
Aelurocyon_sp 7.75996031275365 -10.4552028404196 -3.78718124474144 9.02970983580457 0.474134844454808 -4.03663231298748
Aepyceros_melampus -23.3803342584638 -10.5866130609008 5.91159466802687 -2.03629124867223 -3.76035713270876 2.22089086312898
Aetiocetus_cotylalveus 13.375609617998 26.1755596435817 9.69293418259363 1.15355828367992 -2.09436716309745 -1.69696364871827
Agriochoerus_sp -8.29573557875732 5.60748327372151 -6.60765971239832 2.87085146638345 6.94135072237628 1.97536595096226
Ailuropoda_melanoleuca 20.9073716863696 -2.90526807387535 -10.2169065676176 10.6456300975547 1.04068688062624 -9.34793812552331
Ailurus_fulgens 5.4441617019209 -6.00644073918288 -4.22738147760992 2.12733491832811 2.00556241863188 -8.65090379647486
Aletomeryx_scotti -22.9102008295357 1.00583397490532 3.55766890568787 -0.674148773247529 5.05619772300086 -1.89084202207147
Allodesmus_gracilis 6.61930711909416 -8.35781765112685 -13.1689261461429 6.49897851946684 -0.23467771632669 -1.29366761230145
Alouatta_palliata 16.7017911807072 -1.62305490655962 3.52064754099931 -3.90333809474831 5.54077201262879 -0.273141407020354
Amblysomus_hottentotus 26.3207564267266 12.547562420965 19.7925613563349 -7.46426293323519 -1.81405127225403 0.989352973589619
Anchitherium_agalensis -26.2048915858931 1.61700999924018 -2.10730586851707 3.51878131102254 0.271724859433229 -5.34970401022738
Anomalurus_beecrofti -1.76204252328658 -12.7279939904799 18.2170446851094 -3.79798287078263 6.77316550499595 -2.5978370677029
Anoplotherium_commune -24.582532566915 -3.26305689032376 15.4739507584535 -3.96889801253628 8.36538945302606 7.54617662251909
Antilocapra_americana -22.4536628883423 -7.69628337248992 3.46523022626226 0.597447806393383 1.70007051912367 -0.414148956352697
Aotus_trivirgatus 12.8528798427838 -11.9166761411148 13.8309901007704 -0.634385738130939 2.45286829406391 0.469779207958195
Apternodus_brevirostris 11.0354205451129 -10.1092825884048 -14.5618028875104 4.23656636777511 -0.34679433260821 -2.82992355963592
Archaeolemur_edwardsi 11.2588025955365 0.57980075705225 9.89192066334925 4.46799920947499 10.2299121217286 -2.84272495381416
Arctictis_binturong 3.4213673550531 0.837436708733311 4.08608066277547 2.28422659142921 -2.37462649402839 -0.917769034914215
Arctodus_simum 10.659437287688 -13.3359407010655 -15.9518970936748 10.3842316871328 0.306406577996756 -3.87944136920749
Arsinoitherium_zitteli -9.9804137705239 -9.44766235957082 -3.46711661403632 10.0801412658191 2.58479435354454 -7.41365656684577
Aselliscus_tricuspidatus 8.47390011949286 -28.0224366803648 -5.1706358893778 7.23809813015134 0.329099890583698 -1.10880122741299
Astrapotherium_magnum -12.0412782389225 -3.56936744287196 -13.7597718802161 7.77117633455839 0.848634530186014 -4.51890218915296
Ateles_belzebuth 20.5630407040242 -13.7726960275637 2.43511943512098 5.88568054290127 4.81970703063876 2.42031719717233
Atherurus_africanus -2.36082299316263 -17.8264116252476 10.7547351815939 -4.9847266553267 8.94095956658807 -4.30669532207871
Balaenoptera_musculus 0.832452666566552 23.1300281479374 -4.77099170524782 4.94832237742015 3.93359135626419 2.91836303420595
Barbourofelis_morrisi 33.5141525704364 -12.3880892336501 -34.9971242323784 9.89737094239743 3.73669983908658 2.6103165215007
Bauerus_dubiaquercus 20.7830851168924 -11.4370205504638 -16.8906210307438 -2.94329590356382 1.20628730301196 -1.44151915279419
Bos_taurus -19.9500109771112 3.42098406471533 8.9855953456365 4.13022818268836 0.0842033553104162 -1.16718291509781
Brachyphylla_cavernarum 4.59439725787721 -11.1365430286454 -2.93825706158868 -2.352968967528 1.64793010700878 -2.94265470542114
Bradypus_tridactylus 8.24858344033581 -3.84929305651643 0.427330941504938 -4.0748383297548 -2.52417476891457 3.7484234272854
Brontops_brachycephalus -4.59119926804116 14.3196319019484 -14.8244833002787 -0.0780261238331477 -1.28508353253363 -4.54295305609406
Cacajao_calvus 22.8300862716759 -2.16878854047748 6.24884454143326 -2.07544134157326 3.2343874884146 1.82692985644506
Caenopus_copei -11.4853731204923 7.37563527612634 -10.8654274875608 1.96040283734641 6.08343809190081 -5.93419840268438
Cainotherium_laticurvatum -5.40144693864933 4.06516789091365 13.8330803847577 0.447125339705019 2.992587155679 -1.55485470472287
Callicebus_moloch 14.4673040307568 -15.1758892630724 6.3601199828717 2.59158432853989 5.90522097162896 4.81001602141067
Callorhinus_ursinus 6.64490282242725 -7.29504886954201 -12.3090878481122 3.83782190653202 -0.285753689844135 0.476233048355848
Callosciurus_caniceps 8.72405278415224 -17.1128344583993 24.3885227101689 -2.21616483956739 2.37949839115708 3.81108629766879
Camelus_dromedarius -15.102390156028 -0.683089297705284 0.935586602064774 -3.17692838336001 4.03872376844777 2.11283024886786
Canis_lupus 1.32940992138922 3.71849079945135 -9.67093094959578 3.53108456766696 2.12717256591388 -6.12668649847257
Caperea_marginata 14.3407065416814 8.20559736802015 -29.9995270948143 -5.15832215822104 1.31639475390323 2.02238707188957
Capra_ibex -19.2617996295083 -10.1588202870876 6.96762646650313 -1.64139242897096 -1.7754243388501 2.84577964863455
Capricornis_sumatraensis -22.488261846491 -0.58809754186866 0.38011639537672 -1.85635895635116 3.37945834091997 -1.57668036427361
Cardioderma_cor 15.9656354665919 -10.9989974247892 -1.97983162346439 9.3010457025692 -2.98661074661513 -0.118598071480954
Carterodon_sulcidens 17.747937441838 -26.6743094373226 28.839978266544 -3.34902543343819 -1.70689487471785 2.58598931514517
Castor_canadensis 0.8142944068445 -19.1746784765362 18.7401063874449 -0.251961158667764 0.137137672158407 -3.9864390119001
Castoroides_ohioensis -10.8842824414704 -12.1203052292733 18.6263152325978 -0.597360010537119 8.0137869803228 -3.05949399588758
Cavia_aperea 8.79127047194012 -14.3130729366654 14.3334588438586 -5.5334523935568 4.07563152788287 0.883090394972745
Cebupithecia_sarmientai 21.2708533256016 -8.59907955808603 1.5632289844564 2.91295305567968 6.26179121781282 6.18872044102594
Sapajus_apella 17.8148678034037 -12.3551981426646 9.51553910584321 3.40604343746725 4.12099175936933 -0.631023256016404
Centurio_senex 57.585300626453 -28.2093749857505 -11.2553050473729 -6.31882543731416 -1.68230261523291 -2.32074776456355
Cephalophus_nigrifrons -11.422435094639 -0.932498012707892 7.93056269113232 2.13234236980868 2.62729280113044 -2.23918787024557
Cephalorhynchus_commersonii 27.7065509705477 -12.9523134579075 13.9253162913796 -9.10803683101278 1.55627477212574 1.2941243259348
Ceratogaulus_hatcheri 39.1091006506629 11.3143501809536 19.3059917041205 -0.490204270419824 -7.07184580716904 4.44614580141401
Cervus_elaphus -19.1076716513161 2.33763015620437 5.06736998066846 -2.21938277074884 6.32224557470834 -1.44308039717797
Cheirogaleus_medius 11.6383246432413 0.284229237524979 -2.67126964046562 -1.38980301966795 0.0288125157632649 -1.5286678849216
Chironax_melanocephalus 2.79376364797621 -0.451042618034205 -1.04196409479188 -1.93919124794797 0.566675720279385 1.21817300755358
Choloepus_hoffmanni 5.09157176692442 9.61442071142615 -17.3204347279763 -3.72609327782915 -2.81374972175237 0.200237003678524
Chrotopterus_auritus 4.48002466447417 -14.6578457760627 -7.65643887386666 -1.58997549512619 3.16204085593718 -1.89372195967669
Chrysospalax_trevelyani 32.7046306311591 4.27843836592882 -5.72280680619506 3.53300108722672 -11.0210021143854 1.31529105148646
Cistugo_lesueuri 19.7178601033005 -12.6348975575344 -8.90829567897355 -2.95747056444701 1.3356452637159 -1.77632595014949
Coelodonta_antiquitatus -4.92823345649149 -5.50196042413303 -11.57373912362 6.50093106533181 1.42042225449718 -6.99901684927089
Colobus_guereza 19.9810999277365 -1.49372088186959 0.587244340196877 0.712129340521822 9.1614588392946 0.831248492023159
Coronodon_havensteini 14.713767396939 32.2416991738606 -5.11977335848535 -8.50964875269242 -0.84578566815299 -0.455923949388048
Coryphodon_hamatus -6.82321278927735 12.9386780167125 -18.7478055704403 3.66075114607027 -1.25216533186753 -0.116944588405384
Cotylocara_macei 12.5370225078776 12.7878491053414 -1.61826749489738 -4.82687614590142 -1.67194956458176 1.45653971530146
Craseonycteris_thonglongyai 25.694018958326 -26.98614988754 -13.103979592849 -4.73821997271523 2.81284102080241 0.302358633915584
Cricetomys_gambianus -8.78485871424779 -17.5095464125828 18.3126968917095 -2.9425857897806 4.82971092472723 -0.635605077046434
Cricetus_cricetus -3.52248464518138 -13.79227269809 9.44764784385107 -5.33886892882799 10.9733288696474 -1.94022361679425
Fukomys_mechowi 3.44155468085057 -16.4674974192431 29.7775464289999 5.00715266471019 5.8217258933294 -0.31656991174087
Ctenomys_knighti 4.0705544007592 -16.5980171490402 25.37689724772 -3.18463737122452 1.49003002376627 -3.85453380065085
Cuniculus_paca -2.12178809935012 -16.3751823924255 8.56046645220959 0.420578907218302 2.34938270421054 1.00195528271704
Cyclopes_didactylus -0.491550753178238 -14.2256007855545 -4.85064109428446 -3.5306154768699 -2.25045209180084 0.673389034907088
Cynocephalus_volans 4.41663578829271 -0.882452982087549 -11.3967027633987 1.25846364903541 1.61781711483927 -5.29658777944373
Cynomys_ludovicianus 3.14189205817511 -13.0735586718196 24.0397794715485 -3.03229306174719 1.20940484064003 2.60920924743451
Dacrytherium_sp -20.7021310507285 6.48890087761709 -4.75989364374656 1.86891081542691 0.802676176107068 -0.701187845103516
Daphoenus_vetus 1.65577995187886 -0.66968559234445 -10.3903300505915 5.77734626861877 -0.150004218758098 -3.18524881581607
Dasyprocta_mexicana -1.79829556080549 -28.3128420807723 18.6598506156983 -1.05143488541516 0.300200038349109 1.23471082565022
Dasypus_novemcinctus -7.37978507213463 -2.71721452926096 -5.44298900614452 -4.69434961581606 -0.342883253878553 1.73197389954472
Daubentonia_madagascariensis 16.3072702750159 -1.56376251016631 -6.88295968561435 -0.202800819617734 6.29857717073595 3.03691721774149
Delphinapterus_leucas 44.4761268380679 -15.0548941212282 14.6624621109024 -8.94038165796943 3.90383700431307 3.77008527001605
Delphinus_delphis 20.5954819243163 1.07207857433086 4.6426706236569 -6.36688914040621 -4.51441676134837 -0.154463076913936
Deomys_ferrugineus 11.5253788533848 -13.2964139649268 15.613251049081 -5.26047012189187 -2.73885182282455 2.70273361592902
Desmocyon_matthewsi 2.6039686092868 -1.79669708559063 2.83549451847603 7.00971079576934 -0.391489399156008 -4.88581102147642
Diaemus_youngi 18.791501907424 -29.9969425687219 -3.2680496716761 4.07727977901792 -0.300085977299202 0.458635986899202
Diceros_bicornis 2.13312923010271 3.37402426896154 -20.9788619829131 10.7571248516247 4.68921404839942 -9.96403702532267
Dinictis_squalidens 12.8706383083116 -1.78748728238166 -13.0527171626415 4.9050647482917 -0.154785437796593 4.7611947268431
Diplacodon_progressum -5.63660565585967 9.28103263358439 -5.97813974855656 2.6485587140467 2.5543246244172 -4.96925542893044
Dipodomys_ordii 19.8150822727168 -11.4455044344886 4.47403783166445 -4.73590228974907 -5.55475619945017 2.66591516640411
Dobsonia_moluccensis -3.73418765272134 5.68432983105604 2.79648859145274 0.711039523821949 3.16186100469402 -0.764509059011828
Dolichotis_patagonum 4.57247211349431 -24.7970002841677 15.8626968841338 -3.05706129546126 -0.480794918066965 -0.44895708083984
Dorudon_atrox 1.49669667564212 39.7701280594322 -10.7151153466091 -7.14753713588835 -4.46774665158656 2.90368907251434
Duchesneodus_uintensis -6.7516174857842 16.9854657670658 -10.0278193481099 7.47051510726771 -2.49523764517742 -5.82827375636625
Dugong_dugon 9.01357780676959 -9.96464881706631 21.7758921734167 2.9314133383367 -6.64639503380681 1.49226893955365
Dusisiren_jordani 3.2924872207615 -6.36346025908495 26.2556597918503 2.31638774934655 -3.12451550647271 1.74192160212469
Coendou_rufescens 6.13488649661185 -26.4010267169183 23.0632439142014 -0.711218934722515 0.716638238420976 -2.12828142487982
Echinosorex_gymnura -7.15530229647086 4.28660439710819 -5.93071288728481 -0.247571234822068 2.47613986641655 1.53443128587365
Elasmotherium_sp -11.3694389024513 -5.80704952504682 -13.1434398650531 7.89224463794898 4.82721040360072 -4.20582786904172
Elephas_maximus 22.7463470507549 -10.393441347149 -3.79685581432393 7.80781148198022 -1.48126662307784 2.22477908372532
Eleutherocercus_tucumanus 9.70109506261991 -4.24067238531938 15.0980759778554 5.34405125911781 -3.46240534103886 3.85177562443963
Elotherium_sp 24.7629744748322 24.9415355928073 4.59968462323091 3.79584820889311 -2.48369554542893 -3.97947726097342
Entoptychus_sp 1.17666461802375 -14.3955171539057 17.6328066129384 -7.08368289366943 6.54547880270671 -0.874520331025255
Epimanteoceras_formusus -6.71060286207539 9.41595083248161 -2.83637224212418 9.41265290790777 3.12355600316804 0.128167950960506
Eporeodon_meagherensis -5.17664444549342 2.06615388448266 -3.07352677014958 8.43961534376343 -2.140462849997 0.559673541210744
Equus_caballus -20.9822261119416 -5.57149960053117 13.9282983604411 0.0787572027433157 0.907629538702095 -0.0590568177781784
Erethizon_dorsatum -0.832172714129076 -24.0760429032185 22.8495421984298 -0.196829539394655 4.29185705003295 -3.50146808230248
Erinaceus_europaeus -2.69539486228512 3.7383886624358 3.83531180828452 1.65876565805319 2.87561862568598 -1.4188953687282
Eschrichtius_robustus 23.1732338755931 4.3644460929223 -6.7404085012506 -11.6672570778079 9.45182231298889 2.61396397971745
Eubalaena_australis 38.2698192851696 13.9791873260198 -27.4745850286438 -9.02718519915855 3.27140070661769 0.369783538751445
Euhapsis_ellicottae 22.6187315932026 -5.84533635307372 21.4547994492936 1.5121385036837 4.76094660050875 1.55319597080083
Eulemur_macaco 1.63817505342855 6.30379209248912 -3.36454258123808 0.129092495604779 -1.41538540666676 1.60473472793587
Eusmilus_dakotensis 18.5456287692161 8.40529905005231 -45.1634794533842 3.81513184107113 3.80229227450557 7.69974662033602
Fossa_fossana -6.70561462266132 -7.90345030061571 -3.62386777971367 -0.410329873683118 -2.91554068808577 -2.54439496389562
Furipterus_horrens 24.4946632036469 -11.7988612972434 -15.1302849940007 3.18668701825612 2.67507547315452 0.562843397010342
Galidia_elegans 7.50402387087646 -21.079553561374 3.26881966396705 2.11705945958739 -5.19800665360753 -1.13649180084904
Giraffa_camelopardalis -22.5685712650849 -9.33242825124633 -1.19784702053669 -0.375342908890387 -2.31620658579919 0.796753845492325
Glaucomys_sabrinus 9.7976991768186 -15.4082563836878 27.8937328781663 -4.76781645744097 0.271638940120366 1.28233993498631
Glossotherium_robustum 0.570405926209581 -14.9011747257015 -5.67957199507463 -1.47562236191074 0.164052680978618 0.043845258966974
Glyptodon_typus 3.7712955914698 -14.6496760499651 21.0053239838626 4.57013234727837 -4.55746607218848 3.05658221924679
Gorilla_gorilla 18.2581855188244 -12.0094213923238 2.87736534199929 10.1741989096888 6.39685033598814 1.15701215700888
Graphiurus_murinus 11.0265097782434 -15.6398099339808 23.6997696957579 -4.53739653599748 -0.219695882552564 3.23266096211827
Hapalops_elongatus -19.7986013098237 3.14256721593258 -8.59390334748579 -0.636210555225747 2.44461183700997 -1.24235368104319
Harpagolestes_macrocephalus -6.57327659509551 28.796354039968 -25.259659445853 -1.11987357034577 2.52261504226199 3.21794780280053
Helarctos_malayanus 30.7021149485647 -18.250705647211 -6.6865934076388 11.7446967781409 -0.5066560136663 -6.25228680732281
Hemigalus_derbyanus -4.69166898116983 -10.0152285158853 4.35560713398271 1.88855145257404 -3.48917458823307 -3.14110071901684
Herpestes_javanicus 4.60014864629841 -18.1939037534633 -7.7664427578928 0.315030707534538 -1.71632717004062 -4.20200392962559
Hesperogaulus_wilsoni 47.0702224076312 7.53987942329863 6.40092357778709 13.9492472006914 5.33548292940978 0.46407651300958
Choeropsis_liberiensis 8.71910966936959 7.5401258136309 -13.2431642275545 2.50311023437898 0.425868028418656 0.217710748766695
Hipposideros_armiger 9.16117921930311 -15.307589123204 -7.55076648338777 2.96088214901859 0.807683036051764 -0.846795567625039
Hippotragus_equinus -22.1829779262126 -0.657041712552649 6.99183589419545 -0.481674774465382 1.05985763665736 0.448457131104156
Holmesina_occidentalis -11.6072317756137 -0.704761540329466 12.5284501123945 2.41584216776332 -4.40197328048936 5.63829489359183
Homocamelus_caninus -22.7928300607483 -1.21525828607181 -3.28385462612599 0.0919611535301259 3.49459116486201 -0.537263321705794
Homotherium_sp 23.9550842293482 -22.0348386616087 -24.0224903828768 9.15998005504514 0.249459969693163 -1.51559444933254
Hoplophoneus_primaevus 25.2519650987379 3.38093166881348 -24.9012178294402 2.3525588994051 1.9801740665759 -1.03340530148341
Hyaena_hyaena 5.02582218526686 -2.94162255840161 -8.78517931136225 5.94517683863049 2.14439815749098 -5.0407913275478
Hyaenodon_paucidens -1.48757455060852 7.9281727336517 -15.5339150985861 6.41990808747427 0.372290828936014 -1.05819262556413
Hydropotes_inermis -16.6323686718354 -0.6577841711522 -0.475228049168782 1.6087764547855 5.55943882564339 -2.28558223505292
Hylobates_lar 19.6197040552996 -11.0675734108637 1.56269288136394 5.262918948337 4.85572955972538 3.23467467463194
Hyracodon_nebraskensis -9.58110355557603 -3.0325363859498 -2.68968990310145 -2.38249355583445 3.48643586897516 -9.65462251252034
Hystrix_cristata 5.58753146202932 -33.4138740355954 14.0666096709095 -0.0574685461743781 5.37583739137925 -1.08634306179262
Ictitherium_viverrinum 1.15287923356402 -3.32839331438567 -11.3881920779499 3.82782741071783 -0.508618830122848 -2.50593350877631
Ictops_dakotensis -9.40461952842154 7.84145754459505 -6.6911495928162 -2.68991008172048 -3.2004375994109 2.60596621190658
Indri_indri -3.85845483407122 -7.04764983292345 1.47925947525586 1.55831020815489 11.614377040662 1.03398524803318
Inia_geoffrensis 18.6057465586456 -5.79983256381271 17.7569363993722 -11.2603659521021 8.31089337896512 1.81017425304652
Kannabateomys_amblyonyx -4.53487827031893 -27.6091145104103 25.9429796372959 -5.40219123668022 3.07088681308857 0.517427170081856
Kerivoula_minuta 23.1693937861057 -19.3126792143214 -8.02552694189366 1.19261631514246 3.60147625216232 -2.55629863875521
Kerodon_rupestris 6.10375381043889 -16.3742546059584 12.8042289264664 -4.7487330342989 1.96433095392588 0.258519804051563
Kobus_ellipsiprymnus -26.7911359155987 -5.61426180304762 5.03857341111156 3.32305634883304 2.54668517349556 2.78215101794858
Kogia_breviceps 64.4885618106021 9.96441717325222 14.35103770088 -10.9695885971964 -6.24278919039511 1.68819020764846
Lagenorhynchus_albirostris 35.7272703544872 -6.76333047724231 7.28269680544642 -10.5086621292418 -1.84435344573801 0.475755859485205
Lasionycteris_noctivagans 18.810331573297 -11.6282631211204 -15.6752290453441 -0.869030233481393 1.16111782839604 -1.65192765148204
Leontopithecus_rosalia 12.585480514517 -2.91844532288777 3.04702265229884 4.325465421815 2.77568500237374 4.08400104157517
Lepilemur_microdon 9.97301486378653 -4.53490577333416 -2.45235338144609 0.622883255353202 3.61724986798368 1.04373471550393
Leptictis_sp 1.03145796182834 12.8713225142296 -7.542360719877 -5.35685880058954 -2.42384845095394 -1.9784298622376
Lepus_californicus -18.590017077275 -11.876104465545 33.207482669266 -1.57185222631049 -7.93706872926163 2.4544556001662
Lontra_felina 7.10965532177519 -24.8863017117857 -1.10863554484484 10.395965085799 1.88972501869187 -1.53866419916373
Loris_tardigradus 2.58308520086107 -16.5427679208224 -1.309312581079 4.17672714714705 5.57311677933009 2.62858669939472
Macrauchenia_sp -18.7938005465191 -4.30445862515397 3.71118993989167 -0.138499643813026 -1.86247748212301 -0.87610456836671
Macroeuphractus_sp 1.31226226706497 8.92564108159451 3.87577480197435 10.1116525780134 2.14232250547651 -13.0447731268068
Macroscelides_proboscideus 7.88916991702469 -3.5805872798271 20.2166948566309 0.143749835030513 -7.41098407566902 2.45672711381096
Manis_javanica 12.8165115495265 -24.1812076323092 -27.3466494632366 0.937753396944485 -2.34478210325093 4.41602193238212
Massoutiera_mzabi 17.4569687289402 -3.37088568862808 24.983158432914 -3.48791102212256 -5.75490212459771 3.29786972120332
Megaladapis_edwardsi -2.47487368858484 5.15797384288065 -17.3149321250906 0.879811394801746 4.2062348587138 0.203866608631394
Megaptera_novaeangliae 30.4763570428489 22.9637328287292 -2.51209607419846 -29.7622076359107 2.75955203036702 2.23162560448489
Megatherium_americanum -8.23555947260717 -9.83070555074504 -3.53271130243948 1.17493207730665 5.69023873055797 -1.05439455857517
Mephitis_mephitis 3.71347340040886 -21.1755529070616 -1.53990035144487 6.84122271447139 3.33222667051428 -2.10832961972515
Merycochoerus_proprius 21.5406968423396 9.66318610005956 3.51905607908799 16.8849340708096 0.130478907172387 -1.98170269854615
Mesocyon_coryphaeus 2.86993896607131 -0.337376787715084 -6.63025841038215 3.52703106547269 -0.127375425258679 -4.09654703909892
Mesohippus_meteulophus -26.7407257141003 -1.03892585144949 3.05301187559474 -2.44558700419689 3.79670353844 -3.1549912121019
Mesoplodon_europaeus 32.2174268417963 -6.71268028653514 15.8177565195755 -5.14322932677401 -4.67107142480438 -0.478653430382553
Metarhinus_fluviatilis 1.0735531426686 7.90357642645972 -0.261371483366981 8.48294581381955 4.17698259976634 -4.10081378076779
Micropteropus_pusillus 2.98544636458505 -0.259410541488782 5.10235551123165 -0.848389287864868 1.30827031539461 -0.515252749261463
Miniochoerus_gracilis -4.63589386473173 5.61949067688301 -5.01657056163467 10.117198787502 3.07664541603637 2.49157228056737
Miniopterus_australis 22.652609277212 -15.4710569327993 -16.2017190739313 -0.342423333102538 2.85551993293311 -0.256607103216218
Miolabis_fricki -23.804463330937 -2.1514483914729 -2.38237123578452 -0.856399923925298 3.28210950828018 -9.28126591384336
Moeritherium_andrewsi 9.26474813748203 27.1475929607761 5.27855925267698 12.8544379514367 0.0834653898012995 0.152805152890725
Molossus_rufus 8.75517501986079 -5.91522199326594 -1.34312866571778 -0.928298913923416 5.29376376616244 -2.16527542279504
Monachus_monachus 18.8357176103562 -6.15675404186842 -1.69068528544545 7.06087501747041 -4.49160779563289 -3.09315478502238
Mops_thersites 14.7655604576712 -9.79582892328044 -2.48040231419261 -1.78196564945782 5.26679120419885 -1.64952706645395
Moropus_elatus -14.7513887795068 3.14572990675361 -3.26549952773328 -1.61934725500995 1.04929944314897 -1.951935624758
Moschus_moschiferus -20.0940159023357 4.01142322759773 5.97105000660583 0.33821475217569 3.69634635191956 -0.429739046777012
Muntiacus_muntjak -14.5114561883119 3.17390086736266 0.895172832281759 0.618265898748882 1.79850286051165 -0.173249025241199
Myocastor_coypus -3.19260749411189 -23.7370855129563 22.5043019855593 2.29146836849892 3.37257695144396 2.14717532264876
Myodes_gapperi 9.03744381840249 -14.2023179710731 23.4717851921917 -5.47534875573088 0.42915391220817 -0.226212644045007
Myospalax_psilurus 7.88820404565299 2.18190941036197 23.671795227257 -5.30195035133015 3.77193606033373 -0.923573922442125
Myotis_vivesi 16.864792657377 0.372073944192205 -12.5578017851474 2.02722543622407 -0.116365391371836 -0.49438677601219
Mystacina_tuberculata 17.7432012153007 -16.7407756489434 -11.5947684340351 -1.19567633308509 2.6371497788208 -0.52810661290414
Myzopoda_aurita 28.2159815945102 -16.3764503800121 -12.5543358892948 2.08442496337843 2.48558552751454 0.338505833681642
Nandinia_binotata -2.68736883022628 -8.21710268051611 -3.98279636613766 8.2079130772851 -0.0627659168096584 -0.711208761623145
Natalus_major 7.77401411027534 -12.5781459961794 -4.91308132616736 0.531864215961189 4.56647439433483 -0.25252220115008
Neofelis_nebulosa 17.0259399806223 -6.99718000663633 -6.14534233006689 5.48265637662645 -0.784691181231485 -1.46180729415814
Neohipparion_affine -24.6571810063618 3.34809233593049 8.94720580031355 0.178966530856057 -0.0243391594959606 -1.50442384656632
Neoparadoxia_cecilialina 7.10562316413208 16.5390619521138 5.42339959080578 3.52426114393751 2.83022902175499 -2.70040238630821
Neoreomys_australis 3.20915611554026 -26.7730519161642 23.8001149520407 1.83905250650418 -0.618443422201706 1.77935109791532
Neoromicia_nana 27.157201791325 -18.4599258092521 -8.92918517742037 1.56389776973479 0.21665772248296 -1.86511525671136
Neotherium_mirum 6.6497390471427 -1.37177702823794 -6.29006390075916 4.91667986763395 -0.0501733984987408 -1.16977988316186
Neotoma_albigula -1.36825627134299 -11.1754421209966 19.17258355166 -4.64460669516655 6.57338334637371 1.18141615602692
Nesomys_rufus 5.3792364784718 -13.7257367997474 23.7447419529424 -4.96149570291826 0.42155635681811 1.05141457130074
Noctilio_albiventris 37.5528165589056 -7.83593013473568 -25.8328743139778 5.12141031591207 3.19927994514421 -0.0793599287047817
Nothrotheriops_sp -21.5352245390083 1.11240680930319 5.9161246600075 -5.44509027447767 0.523469132402234 3.95038913931863
Notostylops_pendens -4.4868903028913 10.0639573180846 18.6172741738077 1.33283681148158 1.87880536002455 -4.45558158398834
Nycteris_tragata 11.7471747212327 -10.3202371677301 4.37097401664087 6.69531799790371 -4.2553238410129 2.76469133953155
Ochotona_pallasi -5.501908051944 -37.9378584150695 44.9018335143732 5.3185835868444 -4.6134265310815 3.19843898291309
Odobenocetops_peruvianus 45.5187464654588 22.3238147268598 31.8720770552578 3.15721427722133 9.99004425805849 4.61749824145841
Odobenus_rosmarus 34.9070194215392 -14.609300362015 -6.89912602431563 10.1395147995563 -3.28829780677568 -0.262456920306302
Onychomys_leucogaster 14.4692169015311 -6.71706912891731 15.6304001361385 -6.40720264311813 0.414495931683049 1.1921424005642
Oodectes_sp 2.55366107765395 1.2416671634366 -4.46897995466857 0.428055970686529 -1.18022188154474 -0.498193678218237
Orycteropus_afer -18.799731538872 12.9903181517215 -0.157599690116828 -3.43311110077381 -0.668022614575854 -2.07818919312966
Oryctolagus_cuniculus -21.9010457262262 -16.6739503092922 33.8806483017494 -0.8507366478424 -7.55542716668717 2.62422453891743
Osbornodon_fricki 6.56895664056126 12.1264820166743 -14.0360249449374 4.82898114829175 2.74486264608093 -1.24084605621268
Otolemur_crassicaudatus 9.08666402311933 -0.601573469876796 -0.658509188391922 -0.800403985319493 -0.414540041516002 -0.552755688914827
Otomys_angoniensis 2.16690808056909 -17.0870545505291 20.967407254495 -5.57752138152371 2.58094951146637 4.11045787938125
Paedotherium_chapadmalensis -9.75380426100287 10.9862811991996 22.9212659721661 -3.89609570526554 -1.48527251349303 -3.94532902688909
Pakicetus_attocki -10.1738408161277 17.6181992246148 -8.7221886881829 -1.48861391465602 -5.87801186272687 4.87306016466203
Palaeocastor_fossor 20.1039945260037 -2.1382916141195 12.356247385651 -1.19196285027985 14.7909609574094 -4.29069189766262
Palaeoprionodon_lamandini -2.05331753570948 -13.3254168689835 -3.12162454673733 5.93731923363672 0.468969030008844 -2.4467919206848
Palaeopropithecus_maximus 7.13288058198337 4.06311765134232 3.75319205255128 1.86039061072858 2.26547269017638 -3.44783312960184
Pan_troglodytes 23.0603672048161 -11.0223366037626 5.72372894300207 8.51005176074124 5.31952499818748 2.34154582857331
Papio_hamadryas 18.0483596544945 -1.24453631506973 8.66981716653022 3.41997483248654 7.19043524964226 0.82420588754069
Castoroides_kansensis -14.2877592953075 -6.81192752408596 13.1248514066619 2.50384303977182 3.2197844877856 -1.12977899682134
Paraceratherium_sp -16.0139290696523 -7.85861812743026 -2.29519761821306 13.4844477310221 3.72074679938033 -7.52814865592277
Paradoxurus_hermaphroditus -4.9042087994949 -0.955712982953421 2.39870242070217 0.425951484685199 -2.69829136840209 -0.742837748674694
Parahippus_tyleri -28.9424634390378 -2.1619175457901 0.578851362850649 -0.04391473534662 3.20703998653291 -0.531451280406923
Pedetes_capensis 5.14814149562235 -8.90503793651167 17.3748976330951 -1.78170798736521 -4.80643738860019 2.313445255363
Petromus_typicus 11.9685297515131 -16.1893731576629 36.1077718702382 -5.51539561113024 -3.62377410787342 3.3448755615767
Petromyscus_shortridgei 9.51105294350505 -3.10543694469711 25.5462108123632 -7.74832978189701 0.30917473654242 2.22853333805038
Phenacocoelus_stouti 0.764985625193798 -0.11336462329273 -1.75855440141862 2.88448697381866 3.85492995358086 -2.88865650370915
Phocoena_phocoena 40.1200283941945 -5.41760149209231 14.084699769859 -6.77026337645523 -2.92341343947247 0.614396778300914
Physeter_macrocephalus 30.627316513825 -0.612104011690636 5.08930445614368 -14.4567474155805 5.59803979973533 3.34231539741359
Pipistrellus_hesperidus 30.9038841787093 -15.7903469468073 -15.2030898115711 -0.900870736782274 0.731298120054303 -1.18622367265827
Platanista_gangetica 15.932601914013 -19.3253028463543 21.884130528572 -5.83387190402223 12.7407017708869 7.10357225340411
Platygonus_compressus 20.6529391356106 -24.5135896822675 -29.3977110044561 -3.22957519516071 1.64349950125599 -1.95426070588291
Plesictis_lemanensis 5.79772066778506 -9.91876017170732 -3.61751233296722 5.08510928233316 -1.86227025083856 -3.7064723912954
Pleurolestodon_aequidens 8.63643086512556 -17.3181228943588 -4.63812994099325 2.66405249782725 -0.926080214557011 2.3597864165164
Poebrotherium_sp -18.5170555312925 4.78369966174512 6.20104568024452 -0.757951710329149 0.220205078051597 -1.37527472539884
Pongo_pygmaeus 26.3478213573252 -2.25580097301487 6.66179188388168 7.84059161167749 -0.207591749255268 0.304883836039464
Pontoporia_blainvillei -6.1452434785952 -1.83134870940379 11.2528403642835 0.148319288830892 -1.95455141963152 0.167743107784342
Potamogale_velox -1.19003231435734 -3.15277914145155 -12.9485724085636 -1.95607902857332 1.35179134790601 -4.38029034217283
Potamotherium_valetoni 9.16151135862492 -5.59108669428053 -12.2038331731643 6.10746419642961 0.0160348498097488 -0.8877422295838
Potos_flavus 14.3832096610681 -15.499092597642 -3.77858910951929 8.15101494161415 -0.444303046615034 -1.52759516460799
Prionodon_pardicolor -4.60082208969182 -14.5561531056474 -2.02262007296084 4.12464582851678 -1.22577146749761 -3.17636105939611
Procavia_capensis 0.999427197427388 -8.43351930046934 1.20939265122104 2.88726906112198 6.19157463699225 -6.30695553005337
Prodeinotherium_hobleyi 5.83380248871152 26.5473639311819 -7.29582323312535 10.304350961018 4.72998375808627 -0.910610971890908
Proechimys_cuvieri 3.29324735734553 -21.7265254370726 23.9788391631748 -3.60903226319997 -1.85180474784113 -0.609386814084451
Proneotherium_repenningi 4.61054848617965 5.00101771849012 -9.32477894529594 3.93008649704196 -1.37417814640085 1.15037147780257
Propalaehoplophorus_australis 0.384952831808602 6.58638220797296 11.7629763769226 -0.803744030832731 1.05758247964693 7.11212351594511
Proteles_cristata 10.5030994039849 -16.9809204873156 -1.99507036229281 6.11445527984934 -1.8019571584317 -1.9355300974584
Protosiren_sp 2.45580483032143 1.71465144532361 3.77729567589746 6.83956626267845 2.78978582608775 1.58778297636345
Protypotherium_attenuatum -11.8025469620565 18.1298291844202 13.9589812166321 -0.154925678478115 -1.38383860114359 -1.80595017217927
Pseudorca_crassidens 42.35849744816 -2.1460348374415 17.9498735179842 -9.99468065222381 3.14668107519964 0.116514174054945
Pterodon_dasyuroides -8.34536779397341 9.58600685601576 -15.8773730125734 2.5529851234476 -2.90404783766761 -2.5050288272265
Pteronarctos_goedertae 8.08333308307395 1.53236849033987 2.91326955986326 2.75459916757789 -2.42900638161228 -1.51415896973825
Pteropus_niger -9.75515063889021 4.06171482259361 6.98727492566035 2.29960490358737 1.9348611907919 -0.887328393243997
Ptilocercus_lowii 2.77837397047014 -4.9961972822136 1.04419920788391 -3.13357183875845 -4.99642802926594 0.414474921330858
Puelia_coarctatus -14.2401221521196 13.597945449663 11.8581363865992 1.22850990307889 -0.67261254565122 -3.83096867972509
Puma_concolor 15.4104746612621 -9.38489863181092 3.8245784688405 5.26012938301955 -1.35789858709602 -3.28647364990536
Ratufa_affinis 9.59395185387902 -14.6639939650514 21.5800193746944 -2.30063356559719 2.41900142341956 5.73994940938588
Reithrodontomys_megalotis 15.4812893177656 -11.7489780335435 21.9375235353732 -4.82967083339393 -0.308501784471473 2.71623888611795
Rhinolophus_acuminatus 7.05067864413711 -18.4018980058739 1.45030189546517 3.62627202219706 1.80157351386253 -1.56572084393156
Rhinonicteris_aurantia 16.3716984866163 -29.1249806699374 -8.44216570023679 4.03801278447482 1.03803768159188 -1.28894997689402
Rhinopoma_hardwickii 13.2699688576571 -17.5385856043937 4.77590424098232 2.04691575254151 3.02243434219398 -3.72901573577163
Rhizomys_sinensis 8.0136721788603 -11.6378374990737 21.0770272965305 -0.575734994651802 5.73914219883415 -4.96407524243422
Rhynchocyon_petersi -0.227741473946049 3.74707494099312 0.750230296508482 -1.63828534626627 -1.66043993236358 3.23388600656565
Saccolaimus_saccolaimus 19.1629321076252 -10.0437396049358 -14.6699998754144 4.60163109365637 3.0466772658201 -0.699612171175034
Saiga_tatarica -10.5252400695372 -14.0380044261795 4.62850617699903 4.17436438842443 -1.73206856347064 1.18425084154806
Saimiri_sciureus 24.163043416813 -11.2362486573136 5.8047697380109 6.08360771188851 1.21589103928069 3.13865197919876
Scalopus_aquaticus 2.54401458862617 1.94808084908664 13.6511508638507 0.200457821063956 -6.97098400881172 -1.93312706997736
Scelidotherium_sp -22.5911486569618 -11.352604884909 3.01844987634631 -1.45394787585429 6.90576196596367 0.511155319045872
Schizodelphis_morckhoviensis -11.2006175342284 -9.73753427887841 6.48330909026088 -4.98484920718737 1.17169617728618 2.02690642589254
Sigmodon_leucotis 11.8324950851701 -16.4242493042014 19.2453855552168 -5.41296590867154 0.582330423437684 0.0622685720635342
Sinorhinus_cornutus -9.18407432133842 8.3954443795101 -10.8199637909113 9.45054537591727 5.94789479986474 -11.7278962866982
Smilodon_sp 37.3412588716215 -26.4488912567233 -26.7675130603798 10.8735476340033 2.54576056529582 0.0248115136905055
Solenodon_paradoxus -11.3133046274178 -0.65754781504076 -10.9057326215494 -2.58340071068822 2.90275573311464 -4.01310399421569
Sorex_monticolus -7.20844272876655 -45.3989800359251 -4.81772535593084 4.42068131720813 0.905046260792537 -5.64331848263546
Spalax_leucodon 22.4367835589409 7.158479945043 2.42401930765651 0.139787756970093 10.8503136561068 -0.147526701718414
Coendou_spinosus 1.69652593137936 -19.3179941596264 18.4108042763986 -3.52819416871035 7.16067197605004 -3.45966736077822
Stegotherium_tesselatum -13.1994744705454 -5.2715749456597 -10.4452295074448 -7.19028943353019 2.53747617549342 1.60865525137398
Steno_bredanensis 14.7640604892805 4.19996040854669 6.37138587278484 -2.97389432519483 -5.32394442272049 -0.521699375287004
Stenopsochoerus_sternbergi -10.152373801602 8.15697466768464 -6.23876186416659 3.5806790543087 5.15540226110742 -1.99075767791395
Stromeriella_franconica -1.17157053797785 -8.46987236344227 -7.56104217274362 2.96966666336699 -3.88825951018367 -2.10030338196843
Sus_scrofa -4.56935666436271 6.88645454331801 2.02402722845815 0.58870284379728 1.71777440287717 -0.750385742239279
Syndyoceras_cooki -21.2003815955861 -5.329277789668 1.38408235393853 -0.93217426151868 4.29313060673373 -2.44082370634969
Tachyoryctes_splendens 18.2551724787819 -14.629123609129 12.9774721174611 -0.384691680508485 6.85028463559893 0.952436289661331
Tadarida_brasiliensis 17.5119523386543 -19.1194643330114 -11.4930207856557 -0.310166989694576 3.55163620778774 -0.877520289951194
Talpa_occidentalis -13.9704280715122 0.665049706403242 11.4019554107853 -1.57842281436444 -3.1161555777535 -0.743510495537973
Tamandua_tetradactyla -20.208184343183 -4.11018765982936 -8.48271990347459 -4.29332375712297 -4.37166341385033 2.00053680574779
Tamias_striatus 5.19643742533759 -4.72433908608313 17.1881220678851 -5.87903151149557 -0.940858307373757 3.15137151332562
Tamiasciurus_douglasii 7.76556179135137 -5.91626502273263 25.5944445670282 -4.77216988075552 1.27124949324787 3.27186520477254
Tapirus_terrestris 1.80671606170337 -5.41125653987812 -9.08161453943925 6.67454792917048 3.66885898936147 -7.78796350790232
Tarsius_tarsier 16.915146459015 -8.21965994856128 15.3834216749926 -3.12578693903821 -0.563982129954669 4.2155289080466
Taxidea_taxus 9.71393452720924 -8.42234462777269 -11.5935163391858 8.21229086784085 -0.231383633661163 -1.52883922142605
Tayassu_pecari 9.14937384018105 -10.2542100910601 -21.5913168694706 -10.0491804778627 2.56647210014438 -3.11575229683546
Teleoceras_medicornutus -4.13953036757695 17.1915998505385 -16.0879526742248 7.76319648039679 3.71297397251385 -16.0948108153896
Tenrec_ecaudatus -21.4661670939999 11.3807518027903 -17.1007090935961 -2.02315286752016 6.13491954434701 0.103179119616061
Tetracerus_quadricornis -16.7503411996276 2.93405349401955 5.21906300083603 1.009344730314 1.74356514329567 -2.26501409891321
Thalassocnus_sp -15.4808111629913 -7.72918074775922 -0.150412885814475 -5.42643021723357 2.76104626553648 1.15542155962043
Thoatherium_minisculum -3.49772113925687 -0.500824838321975 2.74070315593534 5.38073497964467 1.00660361892954 2.0213016013972
Thomomys_talpoides 3.96927898896125 -11.4838046708678 15.6924992667509 -1.55818551426149 3.84188629737084 1.6404370724187
Thryonomys_swinderianus 2.59237454079023 -28.3095486680644 20.6093149747196 -0.61471610943254 2.9928276922852 -0.319978142656759
Thyroptera_tricolor 11.896128676431 -12.7131680269501 -13.7690319219403 3.65395069301407 2.22636854101196 0.791872243932689
Tolypeutes_tricinctus -10.378334385296 1.45995873447942 -2.92365642387352 -5.52359888849244 2.44973778384054 2.50925240492675
Tomopeas_ravus 19.8585568366765 -14.8402295321433 -1.03069582248223 1.38952686204178 0.0266030516403972 0.799338709656934
Tragelaphus_scriptus -16.3272681712611 -8.67905650830026 5.34451273701811 0.851299579054241 2.21073089476392 -1.67919367254109
Tragulus_javanicus -13.934625343242 -2.33895042817929 -3.28716543486743 -0.905446783182317 2.87173938925255 0.79343964886795
Trichechus_senegalensis 17.9677138356021 -2.65982661213534 23.4622269809193 0.331985168231382 0.636838645076511 -4.82199026113104
Trogosus_grangeri 7.66138121643107 23.1157187246206 -3.67326205145712 8.20111237323661 -3.94638611041108 5.30050499716966
Tupaia_glis 1.1909535353342 4.78677223828224 3.7576409198772 -5.64685112599961 -1.70404911731752 0.77354254458961
Tursiops_truncatus 29.5872287117602 0.28627798736911 11.9388957467136 -9.59794855017707 -1.3361335282637 1.17687974725933
Tylomys_nudicaudus -0.950337016037927 -21.0643658620767 17.831740947123 -2.05172781875713 4.15888555587729 4.0889239144699
Tympanoctomys_barrerae 10.1353343167429 -22.3289080212634 29.6009975000207 -1.27530918823102 -4.04403603103226 0.774761922370127
Uintatherium_anceps 4.05286113068976 -12.0208193974846 -27.5417727828139 7.53914411535607 0.675220810928521 -1.99721996738945
Ictidomys_tridecemlineatus 6.48813104286092 -9.36913161814644 11.4569019750284 -3.03480942677234 4.5845830557885 2.28169448489731
Vampyrum_spectrum 1.82900956659468 -4.25211910873237 -11.0413801905755 0.686651447048673 3.23704939739975 -0.588150123530499
Viverra_tangalunga -6.50955492809368 -9.81289645267426 -7.74941891116171 3.40339304651402 -0.419871448029539 -1.51542097112373
Vulpes_pallida 2.77147672507231 -0.752050127295323 -5.86393979263259 0.338403935957863 0.508363133338006 -3.37081479839271
Xiphiacetus_bossi -8.36666223399795 -5.45537483844004 -0.855023291642861 -5.68630825695525 0.215178642448215 2.28995135815768
Zalophus_californianus 10.4724896581757 -1.2067891596165 -13.928381229491 2.97651516273747 -1.03331571156679 -1.51699847693625
Zapus_hudsonius 14.2203074721911 -13.5398901505855 16.2066844168069 -3.81195442353898 0.646530096728256 1.09156686352711
Zodiolestes_sp 3.73203762083586 -1.83567915265855 -5.76568311300909 1.9044207577186 -2.32725201970054 -3.66092031334253
