Acinonyx_jubatus -41.5029872640799 9.73154486011028 -21.4491654882573 8.34861358649892 8.43167912770502 1.08131227822 3.91410650493618 2.34665068823702 -0.565903341506006 -0.907495561634875 5.53795526706156
Acratocnus_odontrigonus -4.75386468394458 -5.67541480186802 9.56512195417823 1.81488398581292 14.8895782355148 0.617793361563088 -3.02056004737298 1.28315296602351 -0.515589988634236 0.331381902528245 2.56330229684147
Adapis_magnus -12.4265943336078 -12.7289378008038 -5.20157915886485 8.33325664026744 -0.0853156683627444 8.18245962923323 2.04030204918883 2.57559824235355 -0.679069513512366 -0.640644211152184 2.95969989901014
Adinotherium_ovinum 7.62910972282338 -12.1189157935293 22.9174464547892 15.8298638511128 -5.5347595995688 8.17296393189424 9.00150455915221 7.69239633419635 -6.50230961124258 11.9734474723053 3.04857649034346
Aelurocyon_sp -20.5772014861276 9.48112976918612 0.995138026915001 0.592168211441044 -10.3245971518738 -12.2144662401718 -11.3631310128915 -4.89288136127926 11.570080490335 -4.4086476674052 0.500697141931572
Aepyceros_melampus -36.0499883728424 17.0620554306247 -2.68762369999696 2.93924834973488 26.5461584951174 -0.193029501224663 10.0674115196337 -9.01935793581706 -3.40935030849365 -0.569146686328719 -4.65821165673158
Aetiocetus_cotylalveus 46.0716444588889 12.0938801247727 44.8020238109918 -34.9069972868931 -8.08801966034396 4.03294625436806 15.6205402880556 2.31076280849336 -6.13942481006618 -15.8078549013274 5.50921117171064
Agriochoerus_sp -2.16276652668421 -27.5576967993621 8.31202761366504 10.9027231558877 -1.12686980607858 -0.243845044646959 -3.70684366539293 -11.5967000551219 -1.67550516814527 11.9209931194491 -11.7309317093049
Ailuropoda_melanoleuca -15.6064516823858 17.1668632615147 -4.05786694919863 4.58249646457809 17.7439147898874 -15.0606072419296 -10.9696415627987 2.8211488337975 -5.30965702746998 -3.81773227307413 2.65817585264142
Ailurus_fulgens -27.5439002954628 -0.347985032724405 -34.8950759365114 1.05126171198599 10.193074964152 2.86863981415736 -6.16300976592177 -6.27137730087349 3.4224334400317 -5.40797225890002 5.09954967892626
Aletomeryx_scotti -37.5072334497791 -4.07522149706045 3.064684863112 5.18614339417371 9.48836539637728 -6.50156177207086 9.68777222275623 -1.53993764855333 -6.28871865806424 1.72406409204396 1.55783081069174
Allodesmus_gracilis 5.81904896023013 17.3953564266728 19.0472875307085 4.17329076390309 -10.3072360085125 -5.74644344943748 5.56222327987698 2.01547707769448 -2.15238698296854 -0.516174519188472 -5.29727930527857
Alouatta_palliata -7.1010623261459 7.21821405096448 -61.2486511828984 30.8913027940827 -7.59718692727081 4.74665167376409 12.0973155223674 -9.39655523675424 -8.12093085998985 -2.29312908354424 8.57712559168096
Amblysomus_hottentotus 26.6802380663352 37.2028733414149 16.4471135115953 17.8509307807527 -3.27691959809756 -4.00430511470267 -0.914168168471966 -1.40035332039487 -34.0173483109658 7.24098669160879 -7.78638444649789
Anchitherium_agalensis -45.108622666841 -10.9152036180696 3.36458240420302 4.5264047489731 4.25387094521085 4.00055643528556 -6.23607830712893 -2.5182069567289 -2.10993832341122 6.08096079533646 1.25078591473647
Anomalurus_beecrofti -5.0348521754176 -20.2532932726684 -30.1012000458146 -0.920616431426761 14.1272531108025 8.19769803886811 13.6406289106063 14.0119446002074 3.03123377255371 -0.379904190968311 -4.5677913950503
Anoplotherium_commune -43.0541378053005 -4.50462820019199 23.1452060321244 -2.41870044176975 -6.6204501634226 11.9823150014847 -14.0157141616378 -3.10998999304403 1.72799345414134 4.45877949795572 -1.22801719398289
Antilocapra_americana -32.6964354241101 30.2755293322492 11.8822413282855 -16.6485492167598 11.7794073718699 -7.2765893374506 3.16069623214227 -8.08629083786436 -7.64278003015128 -4.68250573095462 1.05481286989839
Aotus_trivirgatus -20.4641092426468 18.3304554821003 -99.7208451684785 25.0012574905968 -0.676199476958178 11.3969782402204 -10.5732634157972 -2.48253612774563 2.46484998297026 -4.61911442800488 3.50348531512912
Apternodus_brevirostris -5.94141857492152 -8.6453327876988 13.7824654448447 -0.881551325956386 -6.49100538290884 -13.1525310144191 2.76614766405903 -12.4171952125455 -11.8617236131041 -0.199918174188218 -7.18511081887922
Archaeolemur_edwardsi 0.479718977357379 -3.07948361036767 -39.7117366347937 14.7347962148428 -2.9755316039498 2.76644577043552 6.67066501941332 4.61755110097855 9.22982618218546 -4.9461695773075 1.63041621092457
Arctictis_binturong -4.31787121861851 -6.20095314644816 -7.32135385802552 -5.97962004973738 0.63517205888892 -1.83372986850329 8.23035612795713 -5.05111216447094 10.7115748792505 -3.87096143378291 4.42432325761861
Arctodus_simum -16.6957843475598 2.49811757980779 -13.3830101913005 11.4099981669037 5.90172224556591 -0.521424359916305 -10.6571348559142 -9.85879825503151 2.32744441126117 2.18153227017395 2.88789571013955
Arsinoitherium_zitteli 11.236875960865 21.1904523439964 24.3967075455365 2.54745203966755 -5.34227843011763 -14.3453795628429 3.76253003159893 2.02404482014856 11.2056954107949 -3.09841391801644 2.88253467867614
Aselliscus_tricuspidatus -50.3328788574718 11.6629835463691 -33.6990618279097 22.5859401827807 5.98224125960219 -16.7068749912557 -0.768940923433615 3.89722846101074 -11.0882170520359 -0.155802008316863 -3.49090662418978
Astrapotherium_magnum -28.4071669084457 1.19641390501102 20.3305210866444 43.3600593720746 1.03133425802683 2.42267435098348 -17.8260348442489 -8.93384971898212 7.39038484708285 16.3692272000371 13.3671292812381
Ateles_belzebuth -13.2789889681148 44.0580586593789 -102.351000449018 51.2999827298339 -16.0217268403215 -1.16925169781965 -8.86558586223907 -12.1421410354026 21.69118827696 -2.30048142092157 9.0484636983669
Atherurus_africanus -13.2267448941233 4.49891253782068 -5.24776511765051 -8.60288853776609 10.2455979156321 -2.53780885526738 2.5958604621765 2.82200251408171 -4.47375350796056 -0.336706908836653 -2.48886725980256
Balaenoptera_musculus 45.8054998891955 11.9885415894217 48.970958171986 -41.1540614835443 8.68335409973983 26.2868452232799 0.954682526772873 -9.3102072089469 -0.771144805436057 9.15777032557898 10.5867993133555
Barbourofelis_morrisi 18.3090767840537 24.1992535578779 12.2803866743024 36.3203572887579 0.853021347769429 -5.18286691303843 -31.8125355435511 3.82954547783145 4.1051771074715 8.43216067991572 10.0299080296027
Bauerus_dubiaquercus -12.0762780270241 15.5839977683011 -29.0227834755403 40.3606092334493 -1.16053970292007 2.86801334119717 -8.45296693510566 -5.33254798793751 -6.37178259928167 5.85095795791991 -5.19913495492414
Bos_taurus -48.1309415855237 49.8055444454493 15.2161030458996 -8.61004283182334 -17.3546162045374 4.66879803602202 16.5706889887392 -12.6778372673994 2.88514203161262 -6.30368689000038 -4.11212485564567
Brachyphylla_cavernarum -45.9366366981537 25.9417912045792 -20.7855767448157 13.3896875551107 24.0589937694068 -9.15622462163013 -9.77794597495281 17.5448913104112 -3.24437934517171 -1.6844580501588 -2.66273345575193
Bradypus_tridactylus -2.67992524987311 5.04519076839694 -18.5998252855979 -2.21637843994531 3.72044122769441 -6.5734744939617 0.38532415904636 -4.04248909129419 -4.24771091666981 -2.68992595769957 1.2189450137062
Brontops_brachycephalus -2.82209121300134 3.65248637354533 13.9814746451353 -19.1741205532661 -23.5911742894913 -7.41486844791052 -12.0945210126997 -6.48216819533579 4.09730391560367 -1.20875715201541 15.7090470663032
Cacajao_calvus -14.1159422795527 13.0723454448366 -97.8720023408791 46.2791130724314 3.0499903110369 -11.7008894032702 1.69474496129824 -7.54468240781003 9.1449901116246 -0.773983191162362 11.7335267857843
Caenopus_copei -22.0987511339139 -1.95075392950349 16.3703456709802 12.9603058622442 -14.0859962655008 1.10470079936531 -6.92225590876044 -8.98797821581481 0.523831484428755 7.00771328291274 2.03732587239494
Cainotherium_laticurvatum -12.9986937321005 -25.3166918468274 -8.82478538821272 13.6945791210005 17.222095447561 5.27180458470812 7.95812986625988 -6.17771067263467 2.80566220633474 10.3890770439313 -1.27066516402054
Callicebus_moloch -11.017262327259 17.9845204240634 -89.6016782569736 30.7971773893529 0.2028258462587 -0.64680861000549 -11.7489361760991 2.25054845693828 -5.41818312779687 -5.46131169664623 8.40557341097605
Callorhinus_ursinus 8.84241183894947 60.0866847099792 -13.0290399165383 -9.73023633447898 -23.8505838497829 -4.89924775015011 -13.1835005402985 -18.8739276852006 15.8178239925968 -17.221499438498 5.36900272309974
Callosciurus_caniceps -20.196366477501 2.66221327617757 -25.7414490546804 -2.47032364160314 17.0115693987501 2.45628460530501 8.42171563232651 12.1678536672779 0.54231141993802 -1.29182935217542 -11.3048269332903
Camelus_dromedarius -21.7383103754249 18.8450602634148 15.2359402887555 -0.936270781132986 -5.58029678340577 2.34085968190536 -15.8560372949682 -1.71874771393873 -1.36818975994971 -0.864919493708429 1.5687783064554
Canis_lupus -28.5474967442245 8.46434938631513 2.24294798572733 15.2533575866855 -5.99166270224105 7.38591894425034 -4.53040219649431 -11.3615929962522 -1.59149073713566 2.30668742279959 1.85032382293442
Caperea_marginata 70.6007159949151 -2.12687386397592 49.7338526897303 -74.2852112908161 16.2204308062891 8.2875080392602 -1.88604450125952 -4.76390058435172 11.2216286557379 8.47890022740378 -6.14384851042379
Capra_ibex -20.1644779008583 36.1129601379361 3.83955321743822 -6.48810934547111 10.7244793856949 -3.34460094181552 6.10408421048562 -11.5101250878368 3.57752965277511 -6.44254750747723 -0.148844301812208
Capricornis_sumatraensis -31.0562636649453 8.27336716634328 4.67989905470008 -7.44469107226729 2.51295501354061 7.32519673130204 8.12108740377955 -14.5872954652405 0.431441924100747 -2.88057817650072 -1.36554836709467
Cardioderma_cor -53.8699355842818 -11.6137913644757 -49.4254933444806 35.5470977583808 2.29714960712699 0.626887747630534 28.1177592977365 -5.87911051713413 -3.18108970527589 3.69177279695416 -4.03856886920378
Carterodon_sulcidens -4.35926327290841 3.53528896743105 -36.1891548726215 5.84620319292041 10.2630366530519 1.53236318483753 -0.1863500534136 14.7660162665197 -10.3711601599356 0.73550059377317 -7.05908455702914
Castor_canadensis 8.58855735821537 -16.6101149205625 -26.4321791456952 2.11857772466068 2.34650207552016 24.9372673371899 17.357246950374 18.4034834999512 10.2005992569721 0.670889157615434 -1.70186639372363
Castoroides_ohioensis 13.0268165104584 -36.487752041304 4.21622315481973 -3.35040832818984 10.7431999314577 35.4518276493347 35.8239597616658 15.6341803317933 10.9017362808471 10.5452289059514 1.26226473247124
Cavia_aperea -7.83245367422314 -6.2092988127707 -10.5470461144172 -13.480814156156 19.9563094148535 -8.7120955824357 -0.847828324068828 1.41040058217374 2.80848172624587 -2.27809930733899 -0.511898144674839
Cebupithecia_sarmientai -10.9123152317767 41.8857271345219 -65.4905768853267 60.364682378444 -5.02507210893401 -32.8651165920331 6.95669295345001 -1.12962163423236 17.1778094630634 4.11150471754211 8.30313858506526
Sapajus_apella -52.9587348953928 32.0284105974593 -100.250594021542 45.3672953319005 -10.6415779769734 -6.45631193389432 15.6975793210189 7.88707454231509 10.9572316031441 -8.0003802292103 20.1342266961108
Centurio_senex -14.3512085527012 48.7364681763821 -60.4024033450501 55.4661335680563 13.7875955486911 -10.5860081192744 -6.32588035971038 11.8418067150778 9.02288591941887 -3.35204875077133 -0.641798840425525
Cephalophus_nigrifrons -35.6516511591533 28.0333010278575 -9.43087748391179 -7.2875714775989 -4.63872355057847 7.26839520785522 17.3553951513732 -14.615666672453 -0.437836173678279 -4.25989037479757 5.24774933106936
Cephalorhynchus_commersonii 36.3600691398077 58.141516832651 -26.2248412057328 -81.7712016171204 -10.9233057010453 0.482150194252596 2.62685438687251 2.12964517556708 11.4151298874416 62.5828820151801 -0.602041198104145
Ceratogaulus_hatcheri 69.5985087726976 35.4817858431403 21.7632062786535 -19.7842529061297 -7.76825397489799 27.6110194905213 5.55718626661156 31.7355422798738 -12.4847211701274 -7.23510242520535 -4.48897175488557
Cervus_elaphus -21.3060200183886 19.9720356433527 15.6486030536688 -5.37698556492036 11.7650958946167 -4.56264426312008 11.7730971535752 -14.182935479961 2.63259963519927 -2.06498087477783 -7.77303067736544
Cheirogaleus_medius 0.828394695863161 -2.17375508318401 -40.5451945014315 4.36849426153323 -2.11751168463466 6.80044104540396 6.35153445455085 10.9656734889 8.78868752180206 -4.32544424877283 7.49480790730587
Chironax_melanocephalus -20.1851755677749 1.54111930998872 -35.1361853814098 1.419179866706 15.3739680350432 -5.19348344701776 -3.68432842449149 -2.56863775799331 5.08824397152114 -4.38757128958268 -4.07122210938555
Choloepus_hoffmanni 7.35223463016576 25.6710772889673 -4.80676418074578 3.1337054807297 20.2739538415483 -4.97284388353347 -0.663419485101135 -5.67125479554449 14.8468474978592 -4.97021826148747 2.86236886598938
Chrotopterus_auritus -36.0152493198406 17.8893868768377 -49.8732594985986 32.2994563445418 -6.21665821180595 1.98455423411739 -0.499197095084085 -7.51254456012928 4.07052637093917 0.031691184242301 2.46986776133588
Chrysospalax_trevelyani -6.1006588988289 43.9087579374373 34.5093310995377 30.9496962030016 8.80458218241088 -31.073102066736 5.19897800202904 5.75350204189102 -36.6092744041693 7.04955037649913 -1.27297980432632
Cistugo_lesueuri 14.5814980225562 13.8859271955156 -7.85058281492371 13.0528081377617 -5.98479598819375 -11.5454327794107 21.4751458501107 4.99015085192544 0.372307547918684 -2.32997819629797 -5.82370501052917
Coelodonta_antiquitatus -18.7489820177944 -11.446056955976 5.52435559449555 29.0831821232055 -29.0117258560863 -26.3887183828758 1.47502835290522 -13.8591404808563 -19.5674502925012 7.84689029269917 -3.30702976836928
Colobus_guereza -4.85195338122476 29.0858076221683 -65.1748494647402 24.0208103368027 5.44991261811524 -10.4056192249172 -2.59534768370572 -8.53301461905422 -9.94528626971863 -6.02248881629046 -1.63699068678875
Coronodon_havensteini 51.7446224989701 -13.1332627218117 48.1570475339562 -13.8087022561334 -2.79637859365958 0.149706551285737 15.8136560535979 -8.39886016513242 10.7339380345098 -2.77401739382833 21.3832891877044
Coryphodon_hamatus -5.5540141891191 -2.79118963085907 26.8483713307227 2.80399151599901 -7.53950188039009 -11.1237257527494 -3.95711323930836 2.74125075688634 1.78783314339386 9.3320715579645 7.45262815360949
Cotylocara_macei 1.35098781339282 57.4366115962797 41.1492801176498 14.1482852074499 -5.54625020685599 14.605121822314 2.56531735717557 7.39056920287963 13.4979795630734 0.14604905182304 -3.99577548624642
Craseonycteris_thonglongyai 25.9430779063146 31.7680792659226 -48.2593956493174 44.2970475605665 -9.80207538225883 -6.27279883920722 5.43900072313561 4.52756146860155 15.1341760347899 0.00751708725824817 -6.69211208437162
Cricetomys_gambianus -12.3128324132589 -0.786427687225933 2.12859484986388 -8.81587838776395 1.86527408799434 18.059732932981 4.19137721506838 22.6173369923349 6.39185790612528 -0.871837538626415 -6.03920304929541
Cricetus_cricetus -9.16059525541323 7.86418766669151 14.5929659105088 2.41322354406353 -1.56694991645463 20.1559973573403 20.9991455234741 23.2726767419315 10.4769290707032 0.82153275377345 -6.39119060519069
Fukomys_mechowi -3.13819364772221 -11.4257583698524 16.9834684292521 7.4205692532521 10.4591750599701 16.5226418799671 3.72996847436388 25.3760609023401 6.45490160690884 6.27192644118584 -4.57816753356943
Ctenomys_knighti 1.82474964728473 1.38737706795557 -9.24057376750575 -7.02402758756656 19.5412502928644 -0.00945751341897329 5.26343752072132 23.194076864555 -0.836615704219552 -4.52955470854574 1.60707251939616
Cuniculus_paca -13.4771882209963 10.3097526069238 -1.14583314479234 -14.4734809576434 3.86072945177698 0.345334462478573 12.8326229896818 -4.57847845962665 -3.89412846958171 -2.06818088507622 -5.5236041772696
Cyclopes_didactylus -27.9438355138154 -0.354548422717714 -45.9356259865065 -4.4814930639962 10.0485887462427 -11.267926036445 -6.56370408672754 9.97248921943191 7.69738659195218 -6.57965349454762 14.5669460378358
Cynocephalus_volans -9.94282723519539 0.770244199194444 -6.81831294775622 -10.499238644704 0.783258214926724 12.9232671812072 8.18254782413314 7.75928881183283 6.01897675341101 -4.75441592848699 7.08055896428997
Cynomys_ludovicianus -21.482449792792 8.42128312810961 -11.1057161535542 -4.598434894643 3.65945504034698 12.8947057127538 24.6607670398748 10.7084629295121 6.20007071726217 0.904865733399 -9.60748068500049
Dacrytherium_sp -9.78966382806156 -35.6572139962224 10.6688936627105 -7.26704750657868 1.55110149635168 2.07505195961378 -5.92730873874054 -12.780611428708 2.96687953554625 3.70769335059733 -7.12511987456911
Daphoenus_vetus -17.7225341260727 -9.88312122356687 3.52319064601204 15.6831154162644 -6.79177928370867 -4.98202103195363 -17.8969228684381 -6.6971097320345 8.6499866727878 5.40605695121452 -0.98285141785905
Dasyprocta_mexicana -28.6103996702256 2.75248904480091 -14.073357393075 -3.57651173207486 15.9816852373012 -2.01048161619031 4.44685867396826 9.19314741363853 0.545600625832873 0.175738582884844 -2.23553324599024
Dasypus_novemcinctus -14.7924680948139 29.6995887134061 24.7426500379926 -12.2217061042703 9.47368732162527 -7.21403624627634 -4.54388920812317 -3.89379377769148 -8.88589190639336 -4.69336390590458 1.52432285337456
Daubentonia_madagascariensis 5.99700139250965 11.6954486776149 -59.8011039088678 18.7202840944653 21.0307669667252 -3.18709712332609 -10.0291285633148 -7.65050456487852 8.12256584076466 -2.69080860093471 7.31653170767873
Delphinapterus_leucas 21.4328822700966 77.7386173289344 -18.0266650316292 -37.3649188765145 -3.1843270311423 2.66932283888619 5.69280969286604 9.37385257193753 -1.0434211359431 48.3750505742544 -7.41645707971366
Delphinus_delphis 24.7478786393494 59.8882356203271 -13.3248277211292 -52.6549782515392 1.04254702566006 4.61131195001246 0.510668223710529 1.32246973198594 7.33667165159771 52.761675756469 -0.876287768725211
Deomys_ferrugineus 0.317537917711434 8.55503126836156 -32.7394650870916 1.54769666364517 -3.07525694220454 11.2439530752145 2.55241903680552 13.473177773597 2.4419126340433 -6.96090790307755 -10.5966426755416
Desmocyon_matthewsi -18.1950989432422 -3.45653462805467 -10.5246198973784 -1.60177591322104 -2.37938712811312 1.20549240045466 -5.29878547336635 -6.05117432941631 4.80182694346044 -2.07042794209186 0.477419849431536
Diaemus_youngi -33.7538144235583 38.7965848240571 -50.9737887238326 30.7658371163334 5.92345126459284 -8.26923646318614 3.10305292141082 7.8072668950932 -4.169010895437 -1.54005252907775 -9.36902908235927
Diceros_bicornis -1.02802415994913 12.7715270388194 29.1393117537534 23.7188009030533 -13.4216092103451 -20.2641435274936 -9.50209286173527 5.50773430384285 -23.3155690232599 8.6959981814632 -2.49837473817707
Dinictis_squalidens -8.32346772047073 -8.89959971018278 -5.75783766271992 15.8609174324911 13.6580383676308 1.49947339761631 -1.00474821098814 0.349436257692717 8.88788840798289 5.65579870353498 3.78434609822266
Diplacodon_progressum -0.641136438255979 -5.49895248845391 27.1386534622582 -15.2750607178982 -22.4044109295503 -20.8966856525162 -10.2311744436636 -2.14222448671897 -8.86404740029348 0.830814224735907 -2.70598990016281
Dipodomys_ordii 19.9022194582801 32.6282218763551 -15.646070376797 4.16109990689679 17.695412359697 35.4763884481247 0.409828267225256 14.3685215588865 -29.7217167610693 -3.82770670095773 -4.21827153481453
Dobsonia_moluccensis -13.2071629658233 -25.8929671964311 -19.1267361997498 0.960056065396744 7.5974461270193 16.7572931359201 6.45559139998739 3.63695242020912 18.356003408748 -4.83281893258959 10.7320538359767
Dolichotis_patagonum -27.7775962131261 13.9324671385628 6.83118240834041 -5.72065023107545 26.2780602589676 -18.4221896373973 -10.0745047370363 -15.5341859418806 -7.63371261450586 2.01097087944765 4.47884597020566
Dorudon_atrox 28.2847083163451 -11.0975903227515 58.5312851855352 -8.22615664232213 -1.77590283651016 -4.30284484933653 -1.05345239706064 -12.7763393147701 11.5383082597987 0.819210228056142 5.4911810792582
Duchesneodus_uintensis 6.60853064428614 -16.9597475673958 15.1225639940976 -13.2511128431148 -14.6283465989583 -29.4853862682293 -4.3411052449836 -8.46237159029694 -1.84203123521324 6.28283374478995 6.92222434513305
Dugong_dugon 2.07859616009757 4.53665897294519 24.6364449760355 16.1152534056837 9.85452509131814 9.13687954657625 20.6487087989407 -8.13416509485042 -11.2678060256407 -2.65187469381503 -0.991050067213155
Dusisiren_jordani -30.4726975733451 24.0276925739109 30.7935712939662 1.87412078045841 -2.77453033716481 -1.92743694008467 4.26323494095565 -4.3712483873385 -11.8576910067814 -3.21632569335293 -3.8210537544034
Coendou_rufescens 1.39538049327956 0.089662560522593 -27.8553726071027 -7.86278797050758 11.8328687387852 6.83118376797898 -0.534088167006496 16.0473006245393 11.4233789248586 -2.75503102630997 -9.77470370087039
Echinosorex_gymnura 5.44440429086666 -19.4204503894865 11.9554993426459 -6.58930763068332 -5.77263911816154 2.80586837230598 6.04120381303926 -3.19073939395113 2.02214909866463 3.67705292618004 -1.61549304572591
Elasmotherium_sp -27.0936788313976 29.8218109911943 20.7785848670302 2.97483272934348 -30.6564079361804 -4.03700815259327 6.07571658706597 -4.23094166543462 -1.0556296360032 0.961353311167611 2.57067637826262
Elephas_maximus 14.1556753862643 31.4157780938656 -41.9315116139914 7.5665095182099 35.5274183926329 4.08435968484554 8.69523324019433 -8.56215575148859 -12.0446481723479 -5.88901377590262 -9.45059255739516
Eleutherocercus_tucumanus -4.80714222271484 12.7893300054004 4.90754887950858 2.3878105856527 9.37850747930175 22.1224752407328 30.9860957964186 -6.76964314790955 7.52869680107356 -0.0680166714250591 4.27574091798982
Elotherium_sp -6.71220782841994 0.13570042153886 52.2848847325164 -3.61428765853977 -6.86645316752871 5.1839817561741 -7.44548375770368 -14.6402746673482 12.5286757109644 4.33602038870893 0.205615640669801
Entoptychus_sp -29.1939758742991 -4.46190751738372 12.0761992850796 -1.28815272164215 7.0353718273402 0.965760872038935 4.1041834407154 25.3576928626131 1.26658042594288 4.01596139129726 -4.92584724629481
Epimanteoceras_formusus -27.7092907602073 -10.9497449830995 15.8735037689848 -5.58893559181922 -27.2643529274929 -11.298285539723 -11.3061572592754 5.10544115121126 -2.38457007209853 0.482575422450228 -2.68223231219296
Eporeodon_meagherensis -26.3089848491939 -20.763201040818 6.29704333401637 19.1348381853392 -10.8997449208983 1.55332765765019 3.52329932996235 -6.00977444052702 5.71814904917243 13.7482922771688 -6.17632473115351
Equus_caballus -54.1515270401949 33.1360641718122 22.0727246958967 -11.6431026853835 -2.7071784888189 6.32684848424466 -0.688972999742947 -4.97585462372882 -8.43853763023121 -3.86566510145868 -2.22878148089861
Erethizon_dorsatum -8.47254007279844 -5.48738573317915 -12.9200406391575 0.197259596691318 6.45422613779543 6.15692735023365 13.0989298247839 15.4011178953191 0.740284543112592 4.60154818897256 -4.90389318937396
Erinaceus_europaeus -4.16055774684156 -2.7905073573585 13.4973283602483 -4.7998876873666 11.5501927711282 9.13508978925145 -6.57015360517559 18.7409701485505 -2.25164825011091 -2.47923052881364 5.85160044332933
Eschrichtius_robustus 52.4566595374904 37.4517972988174 55.7280501965408 -26.9964587933889 8.91647922439071 19.6037997407059 4.21803840151834 -15.1271324545408 11.8386492640668 2.46692112675357 -3.87363217811894
Eubalaena_australis 73.6490852852816 45.808785020738 52.1432361776888 -54.2541833720976 13.3109901435697 30.3756076593131 14.6607102201327 -20.0648022586595 4.10217392865276 17.3747014468951 -2.29008317972117
Euhapsis_ellicottae 60.656053195704 -4.5421511010175 23.2325802542145 -6.21753790997905 26.8184811272098 44.8344677832401 26.4398212296552 17.5266377621342 11.9423532337093 -0.910323726768342 -9.16132292374884
Eulemur_macaco -13.1225760984197 9.80511178126726 -52.0881421154472 -1.10598618319888 8.75457436725153 7.64800244486729 -10.2054247489389 -6.29270176666278 11.3652289612019 -5.27792576532865 8.48664523762939
Eusmilus_dakotensis 13.1149306595415 19.1697076589469 29.3496855034099 24.3435824430198 1.49471521742457 10.3951955525892 -4.6109532400457 -9.00157501897662 9.37712782756744 10.0149286048645 6.87964049524858
Fossa_fossana -18.8423126465998 1.35736586612836 -2.18598813471838 -7.67185511009134 6.47566812674582 -13.9290175912525 -2.75878402652947 -11.8438490875996 9.4487193284808 -4.61105505386141 -1.57535651681852
Furipterus_horrens 14.074682800891 22.6756286715213 -40.7003953737831 41.1795101809609 -18.6053601542085 14.3751429117296 7.22182896310402 -17.4374009300031 7.72555596832239 1.57881489226958 -5.75057020550582
Galidia_elegans -9.89109636456934 14.8460638803276 -23.9811861381323 -0.270741856136373 -4.40465862316774 -16.9692110452268 -5.21989541375765 -14.6860931584132 8.98170518162763 -5.4250123971248 0.126376622770505
Giraffa_camelopardalis -53.5446887583451 36.8909078075764 -2.29793025544817 -1.21316421914529 -14.7544574285465 5.73213887907418 1.53419806557008 -17.1673048285229 1.04063015495112 -0.031844767568173 -1.07994287204486
Glaucomys_sabrinus -16.5318718351815 7.51197313938977 -21.6972534846142 10.1684082006417 31.680005487435 -2.08848198182094 15.6307888350743 11.9638552842 -3.97659523647735 0.134255429668272 -7.50019703470037
Glossotherium_robustum 4.37502831320054 41.1866776072732 3.88453061442308 -4.54919150417733 -5.58966879372625 -4.79085394438191 4.95497691354171 -11.6316768194175 5.36388852814031 -5.99733228071119 -2.95477470134043
Glyptodon_typus 15.8516822114934 5.93413100274742 28.389524232321 -24.9928562490657 16.8626511879661 22.6668326624878 18.1706071962766 -7.59033925643687 3.11347031258263 -5.59068337305802 -5.52626542335336
Gorilla_gorilla -14.2059862746453 35.5241361624261 -49.4348211246185 63.1506119241886 -12.9293374534564 -18.0127535494145 -22.6543618971118 -4.22879724119217 2.18543815640813 5.55934538626572 -4.87677347711448
Graphiurus_murinus -11.1852535850461 15.1742229009104 -30.5169100075151 -9.89815588090386 5.02367466397006 -7.51028198509469 -5.26994785037365 9.0932503516892 -7.5327778148438 -9.98887657584921 -5.83485171947209
Hapalops_elongatus -17.6416254669316 -18.5160819256663 -4.60946637179381 0.0398616622989201 0.411144072826253 -2.3768572141794 -2.16241925609081 -8.3611815073943 4.99569108697281 0.930821577097228 -7.96314754827426
Harpagolestes_macrocephalus -34.2918455365465 11.7110054862311 36.0562603543406 -0.411613376457754 -10.2260032403348 7.4635930185974 -8.35611085301104 -9.95187559685418 9.13847333253005 -0.0113706589055506 -0.154526922834317
Helarctos_malayanus -0.904592747077148 9.63278638291513 -21.2210169025825 18.4093928096203 4.5996234464293 -15.2686925940467 -9.89277661054422 -15.1516067839409 -6.56027396449638 -0.597100265644185 -0.805118998265185
Hemigalus_derbyanus -23.8377797345933 -9.74849441121061 -7.5807293485742 -7.00369456094668 5.01285094541292 -8.06264594093013 -9.15880949361009 -6.31866408042977 3.70965972025696 -0.0227377851727719 3.96459749969288
Herpestes_javanicus -8.63992903450418 1.30747934582715 -20.7824434878286 2.53199415677548 -12.2517505004787 -10.5034577111008 -5.43410217505232 -11.0739237584036 16.4484980504173 -2.5619891237562 3.96789322945261
Hesperogaulus_wilsoni 96.0066733024812 27.4128976991062 17.9992787683315 -24.6901494091643 -2.60359631425321 37.8420753238422 10.1983129884953 22.2753422898371 -5.74276377377762 -2.39657981815269 4.79019177773951
Choeropsis_liberiensis 4.70337704255276 15.7263782257024 22.0990841173892 0.433728698741743 3.25456090262758 11.101959249502 25.6727605844078 -5.0126640019738 5.51051171708007 0.77067834000474 13.5415860632423
Hipposideros_armiger -42.8974661526371 4.17079393865941 -30.9228981703622 11.6362855454409 11.8850796863129 24.3154678121647 -15.7172704351383 17.3883830618019 4.89853802879085 -0.323616455657622 -7.2307900069798
Hippotragus_equinus -24.0488535154397 13.0497760046725 18.6009012106744 -9.13535920683305 1.84951938632067 2.01342785778333 11.4952111553283 -10.9915496099468 6.04390046169752 -2.69419483475185 -1.53595661490811
Holmesina_occidentalis -28.3869795401349 17.3568579631626 22.7016550420192 -9.71433978423655 3.1210917959379 -7.58761433541305 -7.40764598856663 6.188858934508 -0.761529498741168 -2.01706500549385 -3.32510617794494
Homocamelus_caninus -35.6244664720599 8.30977523320359 24.2848679336687 -11.3556701959598 -9.78100082641636 12.5624705328674 1.25715349538105 -11.1283487143293 -2.5615578825974 0.743058837061585 1.84512433851988
Homotherium_sp -3.0349038092094 6.99558220542428 -4.38590858068216 23.8315871404743 20.1360531819463 -6.99086615286724 -15.7146235908864 4.14902923679613 3.53311430527465 12.8420881948938 5.00460283388675
Hoplophoneus_primaevus 12.4017194526895 -6.88502503261119 -0.668106646253282 12.3213568307263 12.0487055913542 2.66585774111928 -5.87126432336512 -8.50790730251827 1.80745970637746 6.66668725852872 4.23098498484185
Hyaena_hyaena -26.9364939710433 4.93186738958148 -8.38214326946284 25.328770258248 7.95765398357241 6.20735597583505 -15.5153408068054 -19.1598916233812 -2.27475001438577 5.60474150514964 -2.94019367749185
Hyaenodon_paucidens 10.0242401458394 -24.4781186070534 24.2201527063222 4.41925602768039 0.819721067332691 6.04017500570494 -6.84679213954634 -10.4299745332451 0.240367072973027 10.9691619157689 0.560689230189778
Hydropotes_inermis -6.7409871707442 -0.0944079444290194 7.43294791621629 7.82229731002022 12.5119210859782 3.1113559119506 16.6300179307333 -15.9063086740546 1.59570956166731 1.16446094370153 0.375089954671249
Hylobates_lar -19.2864470229583 50.2394972497005 -92.4325639158139 40.5915348370598 4.28625357941154 3.17630455498981 -4.97086604218426 9.12706548533981 -11.0346391109839 -8.42158716291671 4.5974884819081
Hyracodon_nebraskensis -11.5995605026006 -20.9945941416072 5.94669844903252 31.8486265020677 -7.34049584545934 2.32899074653782 12.2457171509134 -5.82495687239435 7.09315561426006 11.9976328972047 -6.54875869059111
Hystrix_cristata -6.57676937877608 40.2340932455921 -0.473716011418526 -2.07492788678312 11.8299391480911 6.9678753835718 7.73947864850673 -0.902256877753373 -2.50090844052988 -2.65506052180528 -3.23051825250002
Ictitherium_viverrinum -29.1117438940726 5.45055610339005 -0.732324626213766 6.93970319337847 9.205618726346 3.50091481644141 -12.3528265293135 -3.9967188226652 7.65627482432725 1.89506064719025 1.27171726318966
Ictops_dakotensis 4.93886500793555 -11.4382558281344 -2.52140558635173 -6.23936247529192 0.835570610112999 -3.5092065961728 -3.85546968435676 -3.5108345239977 3.38945263271649 -0.0481413794262452 0.300084132217711
Indri_indri -10.138057086053 -1.6911292609586 -28.8653489239176 -6.16171758169915 3.56494056699231 -1.53921685675021 2.08450443052207 -7.0783947472949 5.78585599553837 -1.97279702003284 -1.15597300176292
Inia_geoffrensis -12.7722298373108 36.0911054376817 7.99187874553261 -7.79743390764418 12.678889410056 7.13281964622686 9.14238563907195 4.09947483911738 4.07630817936662 23.3911810641293 -2.1592614874836
Kannabateomys_amblyonyx -25.0493908709506 -20.6157730001314 -13.5688174709827 -4.58290732711609 13.9812377191258 11.8939414021347 2.74254544532872 20.7520351051203 4.13409155270315 0.670639608338183 -6.19248064663402
Kerivoula_minuta 41.8930797539104 -16.7104653295006 -30.9382280582682 27.9739227334622 -13.5619574167253 5.1805472695135 -1.27824367235545 -1.54471942331189 5.80929921283411 7.49180972855834 -13.6876866372246
Kerodon_rupestris -20.5851203278224 1.90026764385609 -7.31334187748031 -8.51802237041258 10.3303548856287 -5.09507104836818 8.10829227017647 10.0339824943064 4.41543064096611 -3.71104798271298 -5.14814310087965
Kobus_ellipsiprymnus -26.28940739598 21.2829506058395 19.3473013808435 -5.06239064777824 9.5802957195706 -2.86269308570348 9.95664984556226 -9.18081026393345 3.24646339283295 -0.892259263485632 -3.1447944112233
Kogia_breviceps 58.0973753809508 72.5847258672147 -18.0153442647204 -78.7147018627197 -8.96358771402502 4.80652778220802 13.8566001463477 -6.98546542572323 -5.50802520316308 56.9146754214568 -0.354661237888079
Lagenorhynchus_albirostris 43.3902844866063 86.0447751159405 -26.7056953162182 -48.6922621716377 -0.894782827512145 -8.80147328938556 3.38784666862191 3.8258599850558 4.07984774170928 57.3521553431364 -1.60984329552335
Lasionycteris_noctivagans 7.20244679369222 3.7534887467689 -21.246388359573 17.2759805302158 -18.6925630192861 3.11329292984375 12.6586158068402 3.49119665266885 -3.144912118603 0.4230043305396 -5.13227093000509
Leontopithecus_rosalia -27.2267639705992 -3.10959522434528 -83.6368375574107 34.3998356933096 2.25056510897576 -6.24288629584285 3.89937274182216 -3.80216561328291 10.4044692486655 -3.78161648519219 12.0394989439048
Lepilemur_microdon 5.35850310860699 -3.41894422196604 -41.4599182189928 7.13419210895943 3.93946692403262 -6.52004556175098 1.63398097956766 -12.5331319122644 7.50121184872936 -4.17799983573181 5.11798151802001
Leptictis_sp 4.37382597680256 -10.3484404624233 -2.31632599952114 -2.80433634387572 -7.28272816618902 -1.48099015159318 -5.04028805497179 4.58139212988002 4.98177798066758 2.01571143674543 0.239980908562756
Lepus_californicus -26.8895455502847 29.4756805758796 18.1433623498978 -3.54117574818288 25.6327342706741 -12.0165114610449 -10.6243981074517 7.43785128289675 -14.6863449127899 -2.24390869259626 0.869820285184086
Lontra_felina 3.56810989176907 18.6877269601613 -40.3633681950952 -3.40172914345667 -17.8721615197616 -9.67759387627145 -22.1522468022653 5.6011346217926 9.68895975446762 -7.22630958648061 -5.15863418168825
Loris_tardigradus -16.5801348468311 22.2352324672879 -55.3552007240588 7.85164150972329 -2.23182968867183 -2.88839555720777 -20.6619793340096 4.5896824266309 4.27353055639062 -8.11850006263429 1.93197873479403
Macrauchenia_sp -38.965276385427 23.1179112863905 20.4709219554439 4.6123977613617 9.05979465758318 2.40528844339989 -6.65687694167186 -6.27174470599856 -2.26239909960044 -0.0647137372140347 3.39719038853889
Macroeuphractus_sp 2.67953950085134 -18.6200562026447 25.4794039646375 14.1178751588452 2.62994891420836 -3.29505040098191 9.82407935615709 11.1129254989119 -9.17196993575759 12.0670665077901 -5.49205008411467
Macroscelides_proboscideus 18.588707116206 1.96846083624287 -9.19550543719662 3.84687608035212 -8.63607179604572 18.8288332760457 3.7741337825082 -9.92187499478782 -14.1767949440412 -1.6522326773321 3.6194098701799
Manis_javanica 19.5427408860372 40.4724548891984 4.16867396014832 1.24728355149148 6.63805968563366 -9.25445544578323 4.51752702853726 -0.73027045022573 8.22895841916543 -7.15916525391821 -0.914668294826303
Massoutiera_mzabi 21.1036802326451 14.9633449883332 -18.6670357012449 -11.6203212059978 -4.49116742350057 30.8471399877887 -2.12409227768306 -2.12308316232368 -15.0151914416775 -6.05182873868687 4.28497438103991
Megaladapis_edwardsi 3.26128481227533 -11.9094857268831 28.608777459071 11.3755869516942 -11.1294225509454 -11.5158298039449 -16.2905916517885 -2.55753660078811 -2.61879304300079 9.04534611633658 -0.59623788280564
Megaptera_novaeangliae 75.4803599219173 25.6876076178104 63.1385740845673 -50.591421133756 15.4885811197745 27.6425938988026 4.19372283508217 -27.0632270604012 -0.524892889916576 8.02206710893259 9.64684105508702
Megatherium_americanum -5.60633443529437 10.7426987835788 25.6790798143852 0.459927461735382 1.03070169049587 10.3209223536832 21.9490423158854 -11.3939126001202 -3.57163323970592 -0.500981034394624 -1.78661852703968
Mephitis_mephitis -16.0246219235388 9.27629303169414 -22.8982444447104 5.0922353406475 -6.70566102779431 -10.5041339364778 -1.1773330956791 -0.698768072769858 7.49288131934843 -4.09736464425009 1.19111151247619
Merycochoerus_proprius 18.6728357284753 30.1617074442128 23.1780151002688 20.4554703815718 13.2709834698261 5.18000008260398 7.12156056704237 -20.3081708041239 -5.8902120535133 0.774385848720271 -2.20136157180406
Mesocyon_coryphaeus -10.7910971445825 -17.7504828503073 9.45922926104189 7.52784722469523 -7.64334526344309 -9.76687084420874 -4.91335779267149 -1.10223362065358 3.78109130233031 5.6890091659173 -0.660592587463269
Mesohippus_meteulophus -46.0939976062793 3.92028595294291 14.0171385964071 5.27647391550705 1.88111086442612 -1.67179945756372 10.1561012162838 -6.51913850407126 -1.28832238607227 1.26673598484047 -1.42703207181731
Mesoplodon_europaeus 18.674700542109 65.726948968142 1.60414700660628 -50.3502200128151 -0.340187237642016 5.58195193766373 9.80945951888994 -2.30901877183739 1.44051170104638 43.0257955350561 -3.1153470397122
Metarhinus_fluviatilis -17.4698430333215 -8.48206415478263 25.9259001136571 -0.815054710282699 -4.65534399046246 -9.84048628493341 1.17596574540642 3.38528912244931 0.769167660467928 4.98809173918147 5.67446986131038
Micropteropus_pusillus -6.77960800663598 -8.14922150890945 -28.0599743943197 -9.14891098619637 -9.63040979996062 7.21486456941808 0.636739995469846 -11.5923254459082 10.8350075715102 -9.87092942001162 12.5989873129737
Miniochoerus_gracilis -20.3512683921792 -5.20260151833083 6.6547565205002 15.0652003004259 -5.16198440543594 3.69283007757705 16.4723232006166 -11.2248025938528 -1.79372418939233 7.70894975222437 -5.36046578999321
Miniopterus_australis 21.038395979082 53.1325781489132 -38.3244519194868 37.2349177326131 -3.65609544355047 -7.72729667151062 4.2235618481927 -0.408582759279785 20.9712605459397 -2.42449136471953 -3.36946998060865
Miolabis_fricki -40.512905957964 -1.19077824249863 18.4527906134316 -8.14374341828412 -6.27319613834756 -0.658899169667137 5.77253998366376 -10.1406491642346 -3.72640617807593 1.1935507769979 2.06774778990559
Moeritherium_andrewsi 26.8902716488732 -24.7432443329201 25.3593817107119 -0.226739944665493 -2.10304477842437 12.9786854532636 5.29428753656973 2.72322190302254 -9.28498371208563 5.58197131056899 4.70215537831504
Molossus_rufus 10.9086716721489 -17.2269946531666 -43.3536236020582 30.4175748465152 -5.56576968092276 -1.61174461626134 -13.993281422932 10.4722891818903 6.43836060718782 -1.1695321702482 -12.4045400847514
Monachus_monachus 5.08148542983652 13.9144808396332 2.33893873677037 -6.95348743699018 -17.3339993775899 -20.924694676946 4.17707270774749 -6.43897001583489 10.9726625468594 -12.606941493859 1.29980138226068
Mops_thersites 6.73592539233854 15.3020125417615 -37.5483415180195 10.6468903972993 -24.0003986735797 13.84563012204 -1.97621149241555 0.220027406535811 9.11284930122709 -3.42244272967625 6.83473178866007
Moropus_elatus -24.2099268220987 -9.36925862413246 22.4098345620391 -10.4298862740201 -1.44163322311589 6.28339714622869 -0.172142394937787 4.97431759183786 -0.504062154772998 4.29261892502104 -2.32714849228406
Moschus_moschiferus -29.4293750812052 9.98294993795491 7.71424854002977 -2.88160403521159 13.1598115418737 -1.00436119276578 10.9372547526611 -15.6368972616235 -4.32870375520531 0.811458589077797 -7.69243067437142
Muntiacus_muntjak -24.8243809421128 9.19247080438755 -3.10369129149124 -4.29873665451161 10.7742226704111 -0.36354316025664 7.02611739957491 -16.979575767294 -5.69469157865738 -4.40088818117761 -5.00525877230899
Myocastor_coypus -20.3883903651462 -1.79226301267629 2.70274091838289 -7.64236742144317 10.1899096320228 6.29879631128253 8.95626341302144 17.7568608277935 -2.45108973167967 -0.258288739967095 -3.43367395794011
Myodes_gapperi -4.67557917714691 -3.97571945995374 -28.6199370677847 4.72044684222691 -1.89436928403278 22.9843243061242 14.4362757529707 21.9725611892666 2.82847480568323 -0.817232742499046 -10.8907410559855
Myospalax_psilurus 32.4046214427022 29.7374552972346 22.2178426314027 13.6754638796616 22.0198127001386 22.5105717515722 10.6762856300846 14.3729368219468 -20.584231427874 3.12315003033606 0.0669090360705466
Myotis_vivesi 23.4941100664171 11.0636563279068 -18.0554568561541 11.6085924891275 -13.8196360700516 0.669198704078328 3.49581403072234 4.04733874955962 13.9261115601987 0.195014692454763 -11.288088753427
Mystacina_tuberculata 27.5305439877101 2.98673832192553 -40.7043949734037 27.6957342381902 1.44662701537673 1.40677574498884 -1.87990978711925 3.97740327170105 3.95635095642379 3.2168487295205 -12.8730383221118
Myzopoda_aurita 16.7984591246371 36.7882227570508 -45.0133984939691 28.9044197644584 -5.25820663751703 -4.66479136137982 9.67912783575828 -12.9514556123066 -1.1844560416809 -0.0311101249959866 -7.19638267473411
Nandinia_binotata -13.7136963976591 8.65477266827621 -9.32619994714678 -3.27035834260356 -4.02973083170144 -6.24109161738146 -5.09437601922188 -9.36059480551835 13.826520508595 -5.69718818090166 5.0576805640407
Natalus_major 42.4730343409338 3.31188660016912 -20.0436565066757 28.6824462789468 -7.16428330612389 -6.7450873484644 0.588832873038467 -4.20903819553723 17.3730740901379 2.77366611636441 -14.2622050483084
Neofelis_nebulosa -14.7197153516983 1.39410052089013 -22.3207982075638 5.47081031114008 5.67631810802403 -6.76474958780772 -5.34881193685194 -8.95682246959155 3.62617406161418 1.44120057597962 -1.25688595813532
Neohipparion_affine -38.2523475474803 -9.89654511038292 12.0267870939059 4.77392336493808 0.729293462316276 4.1065695209476 9.57539563590266 -5.42385712849264 -6.27919520451863 3.96033087044318 0.423211374589651
Neoparadoxia_cecilialina 27.3542708188708 8.27614056169414 30.0529043373485 -13.5889535116975 -1.81203028552581 10.2007843924811 20.50175793871 2.62852159984382 -5.56602409039052 4.69246728572009 4.51190459316989
Neoreomys_australis -19.0209793980166 -17.568667584901 -9.23938289940416 10.2089469040953 17.5633980717599 -5.08002471169707 7.68572463976937 16.110804858557 -4.33346110652133 7.78456437640298 -4.00748166021918
Neoromicia_nana 24.1753428796517 18.7469797016815 -34.960742647499 26.2544860627832 -10.7713665432533 3.06469071046457 5.13914808508423 3.47365206180915 8.90949663992166 -0.482140359573778 -1.68569602449624
Neotherium_mirum -7.30000475596955 21.6504182021452 13.1225183945398 2.00856853791725 -27.061384811249 3.36344031780354 0.687428998890177 -5.91766187443098 4.44105303432078 -1.46525054680054 -6.73809235699022
Neotoma_albigula -9.55436992049211 7.13812935546245 -9.38325332125226 -0.542461635063989 2.39408863182129 12.3104684001606 4.91507220006652 20.859956076458 -1.5249549938618 -4.82398090877008 -3.05939910722026
Nesomys_rufus -19.5220660981955 9.18685948248204 -25.1658592202294 -4.92567766146966 12.3508999165454 6.97457101786863 1.40498664406772 13.7718579652138 -10.84459320683 -3.23817412854269 -6.05621815996176
Noctilio_albiventris 53.4099438058273 -0.765795520673922 -25.9914306723056 41.9450270947076 4.57433249156383 -1.10968567943717 4.79657474036047 -0.544382887146787 0.389625615679627 1.24810333366955 -11.0031825011878
Nothrotheriops_sp -40.3348782782733 -9.29596983437401 -5.72604383374253 -11.2963020532698 1.24284269757512 -4.25476518489555 -4.31696909488264 -3.87181923413205 -3.5187251140613 -1.31911723868121 -5.6795322623443
Notostylops_pendens -12.8785027246251 -17.1327210979133 13.590737717576 -3.21784767947583 -10.4579154633836 4.21300322006971 7.86809145669873 9.30111646673652 4.19576540995681 1.15201835322576 -7.82736810050098
Nycteris_tragata -23.0363554871413 -12.147062077528 -57.1246575224141 19.1953108202183 4.78747919910278 -0.884215723337349 -3.80805771548946 2.22749849654415 5.72068006821226 -1.07076246451312 2.22968269264511
Ochotona_pallasi -31.8344103573857 -6.42094603638263 -24.324179151415 -3.23104789131238 -1.0694330252187 3.57568478142986 0.779989439858297 21.3340174554181 -4.90208476094251 -3.03786234990556 -7.13960022641141
Odobenocetops_peruvianus 94.6690230594482 51.0330160612486 -19.282013060499 -23.4214114798235 -22.4860976999171 4.74736680479622 -4.20463565744484 12.4763540249121 -6.1519996008421 27.4362666503928 -12.1617450605686
Odobenus_rosmarus 37.077075288288 33.7751404172154 -10.3828794028047 4.83727713431389 -19.2136763639182 6.69396311574668 -3.58046010745912 1.43206413362147 18.0410680546361 -12.198193013982 4.69234297918186
Onychomys_leucogaster 8.7968682291715 23.2658414217991 -23.1243025870687 2.64283996746908 -0.0796356133588036 13.3618325452746 11.2406171573618 15.537060866884 -0.258789351962091 -6.16512059993854 -6.58270891370574
Oodectes_sp -16.718217877021 -18.9982272565411 -6.10031993936229 0.0774386266774203 -3.71530070479829 -10.0425353865702 -0.924270781288789 0.603665409432268 2.36645497256206 2.68251748827185 -3.47408293517132
Orycteropus_afer 4.98717997519235 2.0122178151103 30.8201897581559 -23.8934761145996 2.58668993479907 10.3261486314597 11.0407211218388 -13.2118411831804 -0.146967824148166 -6.39892639095682 1.14228692572862
Oryctolagus_cuniculus -40.9320461748541 15.2533176592077 21.3072548532734 0.147317163701088 16.2059941621464 1.4653437209626 1.88428211020326 13.3414500874134 -8.09956217044937 0.524792212284098 -1.35826934621928
Osbornodon_fricki -13.3988893022025 -1.05894222862596 14.2218158143191 11.7902945027112 4.98374155956965 3.22013696723092 -13.1741863389305 -16.9125267174888 6.26889736898844 7.63763218514382 -1.47574239745938
Otolemur_crassicaudatus -10.3676881648866 3.93902091969028 -30.5225395623974 8.67227240988421 5.47205863232994 -5.12472295459906 4.62356853661261 -2.14095355622287 10.9027769031933 -4.68899829725352 4.11685364738126
Otomys_angoniensis -5.84427844311154 3.9917677448003 -9.11430423443763 -5.87257586701304 7.15243402635496 22.0877758574237 3.20317381289468 18.1277126346693 0.139161721409089 -5.56592338448418 -2.90605113755523
Paedotherium_chapadmalensis -3.61641550210053 30.1209495769521 3.39626830673438 -12.6593287774972 6.62315774587678 21.9695423131523 7.14247760177516 5.85287794256152 -18.2063167181828 -7.02596918338159 -1.71312622657352
Pakicetus_attocki -20.76091946821 -16.637545664159 47.0880711718355 -5.26029672640123 -13.7558892235275 4.07857535397256 -8.93591876669438 -14.7466020395943 10.3138145310436 6.05694356354821 4.94989776508711
Palaeocastor_fossor 49.2988740055944 -23.5201593303839 10.4092702613311 9.5085957268886 -0.475518706877983 34.8275439828984 25.0948632706946 11.6088329526271 12.2319665583905 5.56138098118611 -11.2501177937442
Palaeoprionodon_lamandini -13.1217345690376 -10.0571179586172 -15.5574180669978 -3.94754332112657 -4.25480032558098 -2.5378401614584 -3.28932547966565 -9.56760326633683 6.76387776003797 -1.63693849176646 1.79261201494447
Palaeopropithecus_maximus -30.1919471941346 13.2355207784132 7.67051442498746 -0.7113821952347 -5.20748760603639 0.17901119631734 8.49638580437808 -3.52282409240296 -4.76981276485606 -3.08064034638063 -0.160024824649435
Pan_troglodytes -12.8691580229677 40.6841618360988 -75.5792125977164 41.2167784095842 18.1891036396123 -30.6723893503595 -4.29540884842766 4.64250643155217 -4.24482615986672 -1.28001737858159 -4.11253365725948
Papio_hamadryas -36.6319101498101 23.5713187098583 -54.6922289813846 22.5837731902953 3.16725507094354 1.24693561139282 8.74865290457422 2.46959086532706 6.25288300821436 -6.25691294223244 -2.76945962424396
Castoroides_kansensis 4.28735765799799 -27.1652665196981 7.13275516536024 -7.89698699206253 6.18214471646156 17.3057254928958 17.1789532950703 21.234280722222 9.03564865903481 4.57469956670959 -7.55404168842657
Paraceratherium_sp -19.8539964923846 -24.7131476604601 0.852908231113894 7.56336350355079 1.55607492426538 4.54246791482091 -11.4140060888867 4.22345214892848 0.0814448649139598 12.5554961146566 8.51109250557828
Paradoxurus_hermaphroditus -30.6316623208758 8.7193433383623 0.496765036880044 -13.6511360153211 1.63305281726811 -10.4527518584306 -7.28447216553374 -13.5790197018123 2.02542091062767 -5.33552310601413 -3.38317323869282
Parahippus_tyleri -46.9449098283617 2.5030942375659 13.9513713632163 5.14840002260256 13.3242517002951 -4.31558931068515 4.53144367430656 0.666339791266531 -5.98415191259355 8.53539879686674 -1.22925646575498
Pedetes_capensis 1.4377811737643 29.5212440557711 -5.58754773152683 -0.912378021645472 34.1355930747555 16.358572384845 6.55538278097234 9.53671750564376 -21.5683296990075 -2.25267465358887 -11.0120813726097
Petromus_typicus -2.10938058760162 -3.01709532654329 -23.2883998763477 -15.7518591745106 3.56359138267908 14.2514129605815 10.2005111183742 21.4170920056611 -3.49332672247241 -5.12320608829446 -12.6437331256634
Petromyscus_shortridgei -6.29757873769007 8.80003040262759 -31.3633413099994 -4.6195448866124 -4.19508154038455 23.9974749528769 4.45214108720171 23.5197266658196 -0.14486022376312 -4.73169458884656 -10.7531456428039
Phenacocoelus_stouti -33.0124756525669 -17.4999558711754 12.9924691430295 1.15931301175699 -8.13929875048371 -11.655698228776 18.9309851050491 -10.4968586166154 -8.40882352436743 5.18560051706794 1.0901745954099
Phocoena_phocoena 33.0668607937707 83.3098378327482 -28.8496338447701 -57.6925393240293 -7.31934877116759 -4.80966207857147 0.548934616383173 5.48243280652966 10.1252883669147 60.2920441919183 -3.28857578419312
Physeter_macrocephalus 65.5836049472881 72.2464922879669 14.0034259422394 -60.2083845223856 -0.239406482955642 22.0976609647635 3.62497157957153 -6.6189088079448 -6.90171210062936 51.517134264275 -0.152519235104392
Pipistrellus_hesperidus 42.1781928530958 12.9021553454221 -11.8729637392592 25.5427744946498 -3.36421560077104 -6.6016457932116 21.3783404688215 15.5994043389764 19.8408258642109 -2.71167914706427 -11.2608843170857
Platanista_gangetica 7.63096726602391 23.883204871753 13.7602974508772 3.72814497434188 -6.38783584576238 18.0075084658662 11.3215281375313 -14.7612711739301 2.16264918535451 1.57047955738303 -0.874964370056066
Platygonus_compressus -32.0023136242674 41.8380138097021 34.9507277562068 18.2482600246978 9.94728490868868 -12.7296952186767 4.50385800794 -1.33196372996612 -8.66252393928742 5.35447590136238 -0.0729748841357507
Plesictis_lemanensis -12.3419253130071 4.90523381456182 -14.5844254169678 -7.53867273572011 -18.1460985882703 -17.4564121496174 -5.3198509670081 -13.7712975737266 14.0646800975709 -6.05227253610832 2.25084568255664
Pleurolestodon_aequidens -0.164030700921088 20.9499254345092 10.9555622035913 -11.9534418669392 1.69487851488835 -5.19932462819752 -0.584988895081091 -10.1362059052831 0.428936856957289 -7.45026939069191 2.62373180538407
Poebrotherium_sp -37.4136138068591 3.43776552538613 4.62661654995482 -3.54858042874169 -3.42167287997759 5.80455269659608 8.82856606389067 -12.3455095573765 -5.56237199428024 0.754546640617885 -2.17160491180452
Pongo_pygmaeus 4.47128814651315 48.5247794412358 -65.8347890490772 50.9859781367665 6.36205294962794 -11.1477992805947 -8.90444103861119 6.09571171521525 -2.45851049910782 -2.32508769688014 -3.27073625129666
Pontoporia_blainvillei -9.91431189036597 39.0232010734268 12.2142996610096 -31.0955923115745 -0.428160305593499 7.58800382097921 7.69318718299221 0.273172145625381 4.71932089369445 25.6481684422592 -0.256966491907758
Potamogale_velox 23.5076747858979 -8.23459363794117 14.636360054856 -14.1726930542489 -7.77818448453286 -0.548171033400507 1.06959664533372 3.19953199928937 -2.04273377648301 -3.9244293065056 3.68433846984616
Potamotherium_valetoni 9.59776808055791 -9.80613836952736 -13.7556423326528 -0.672953732583416 -11.6024144986431 -11.15109290323 -7.18133032608581 -6.21768936931413 8.06039440806035 -0.0535973128751829 3.29180645281878
Potos_flavus -21.7207391008982 22.8751017193727 -43.8260496115727 5.75909038435928 0.215378724469048 -4.48386131325021 -8.82326145254807 -9.31232862133042 11.4444950867437 -4.65258304060597 -0.942030358844726
Prionodon_pardicolor -11.6985630854433 -16.6768745257688 -23.5753961031448 2.03041940544504 8.76215024153143 -2.27206461700168 -11.607742816515 1.62556461772499 15.6430704117934 2.9265713322852 -3.39748952049489
Procavia_capensis 2.68984781833576 -6.36923406364589 -9.3736167594957 10.9590060587727 -6.14339342969497 -1.81566603475593 27.324969229117 -23.0405284437556 -10.1575816938001 4.76268224309245 8.00255961243465
Prodeinotherium_hobleyi 75.4158302139085 22.1462528463999 14.3364704783264 -18.6918787967322 8.25108702990987 -15.6022520174722 1.60629581281799 10.9113772118043 -3.19853570246192 -11.117827389912 9.07729927267651
Proechimys_cuvieri -27.7069180165554 5.41257512093228 -27.6096260030084 -6.43473933963802 3.40074811316414 -0.671578893181145 -5.76865314701567 5.43021154024133 -17.1588523123345 -2.86608788949935 -4.73537058361397
Proneotherium_repenningi -5.78495372365648 29.1695516133386 4.69235593347996 -1.95896657413425 -25.4553092778027 -6.31190079956379 2.62230859613647 -8.5705546279936 17.8278494274307 -8.4032601703927 0.844713507250136
Propalaehoplophorus_australis -3.41273138299035 -2.25977551693657 9.73499242644941 -5.521406866055 -7.55081416182404 2.57157994687714 12.9098559395021 -4.21014911356706 1.19498226308232 -2.85310833876901 -2.66341146262445
Proteles_cristata -14.8139732913754 -0.0373706492460737 -12.658978355294 1.15858777084167 3.20335836350776 4.17929587401797 0.99777568431234 -3.684157261701 7.7470371360505 -0.128173767124588 -6.07561251679541
Protosiren_sp 19.700369560947 -0.472959920261003 13.6156205348609 17.5651399394665 2.10608712249005 1.73456697378692 9.56012899980635 -7.38123789453745 -0.805673575580335 8.12088738515073 -4.28051126659664
Protypotherium_attenuatum 5.5523995695826 -30.8589574738171 8.43002510490509 2.48707046503292 8.11010907059783 8.82896320503285 11.3942173120117 -0.698883221144772 -4.05341234002451 7.60668043284609 1.68099980564211
Pseudorca_crassidens 26.580252306701 49.5154228734064 -18.7287326751027 -23.1051920385451 6.61785966320446 1.25937212753964 3.82462541856941 8.31372103849478 5.24369844261571 49.7772597791642 -0.745114688043466
Pterodon_dasyuroides -14.5040095354548 -41.1732812645609 17.3261190810129 0.434666631240123 0.24586131644905 2.13219621637475 -15.5342942020011 -10.6637955055308 6.5615799307188 11.3869453063743 4.34863984608106
Pteronarctos_goedertae 7.89599042075571 -5.77956475072798 -0.229588601175158 -1.57386510959043 -26.1582980495235 -8.18151584299782 -5.78281962236764 8.02342764152896 7.76978448713313 -8.29150540047443 6.5710030647775
Pteropus_niger -15.6450959465667 -29.757932287466 -22.484444112205 -10.7512846555717 13.2011254891585 22.389461674219 -7.51852340807976 7.09356875687628 20.8711186419021 -5.79068384523876 0.674977396835061
Ptilocercus_lowii -4.0969224501972 -9.44005613700923 -18.999299516021 -9.56434155554665 0.162582906355501 -8.86164416259757 -3.101313626316 -8.02178931148058 5.2183578178712 -3.23723870293066 -4.09521885622499
Puelia_coarctatus -20.9807342719261 -20.1978599637303 12.1087380169989 1.76276530271062 -4.794376974606 -7.71576097609896 3.19726056078228 -6.93170860882811 -3.76826643318179 3.67521194306783 -4.24727166172613
Puma_concolor -24.5891321706501 -3.09108625851041 -24.2866165612864 5.02013871389643 6.37375406318631 -4.85907439045195 -0.370032145589029 -4.02838712543538 5.3127817560981 -0.623882106934739 -2.91026037343406
Ratufa_affinis -0.408160356403257 -1.90130861240465 -20.6239045618578 -4.8893102220356 14.1839298109962 4.49963920834991 16.509469892759 -1.16967041516967 -0.662933862129867 -5.91277228472429 -0.631123671492849
Reithrodontomys_megalotis -3.32882703457915 12.7545410828397 -28.7982763798965 3.17583263215524 -0.449455227840907 19.0235602613087 6.05290165021559 24.0427871642507 -4.99718075191108 -5.12123797286168 -4.82851846751617
Rhinolophus_acuminatus -35.5360058628662 -9.29360950451245 -31.6882627239529 13.4506904505935 16.2792482843489 8.1681332460847 -16.5644423280974 31.3750799952502 5.76764524490654 -1.84923830202385 -7.16917799847726
Rhinonicteris_aurantia -13.0168940192061 8.76684745393869 -37.4256601268691 35.7288287254156 -2.58266186202843 -1.1727564914781 -2.01223282437468 6.63037748674311 17.0439013626914 0.573790983554314 -9.4419522949058
Rhinopoma_hardwickii -0.845393768442031 20.3017668952211 -32.5080756785692 14.2753276155327 -3.91345798946582 10.388974525169 -1.6759017000923 4.53600859223982 13.31997973433 -3.31987160814347 -7.72166070592169
Rhizomys_sinensis 11.7516120938809 2.04934901771842 33.1479670785154 5.38937019419174 23.645963775719 29.8719132398534 16.9793940158332 23.1347664805932 9.15016717183339 7.69383461839254 -6.46395490509211
Rhynchocyon_petersi -8.23600107106049 24.7764002907486 6.33099749380478 -19.9560772322666 7.99154695581979 -14.5804312961784 -8.92137945118037 -15.714255089525 -3.20304126730174 -5.5334361707032 10.4525342513296
Saccolaimus_saccolaimus 12.3183382484345 8.90499287346518 -18.382228038298 15.8619495365221 -14.6925733497099 4.86837503428732 7.31192863859983 -15.3714147299831 6.0950935651669 -0.593898112330901 -1.92035058149163
Saiga_tatarica -20.6998396778529 38.6539266228148 18.4929783269778 -9.92579489187682 16.7062629906213 0.531058608912763 5.29397610036906 -7.27102820793834 -4.64694467450457 -5.72065923934615 0.937626975464374
Saimiri_sciureus -31.7581419732623 39.6025071734238 -130.318133678857 56.7105775001868 -0.223549214537167 17.1352841059474 -23.6743625831039 8.28088921976348 10.1102900267814 -1.026987434952 17.9862509774154
Scalopus_aquaticus 26.5921756342453 -11.6526204142932 -13.5726271943944 -12.2128958011318 -12.5018080711256 24.0118742887362 -4.24844812705535 12.7919547967604 -0.664541592467767 -1.14890665521269 -6.39826046585092
Scelidotherium_sp -44.347425639378 6.35483032087147 19.2733480192298 -21.3864916650894 -2.92662514017486 -8.48198125290159 -2.68907481097029 -3.29551352365296 -9.68799706217533 -4.1600443428431 -1.82371061558909
Schizodelphis_morckhoviensis -14.4628710748414 33.2914141239416 27.3869850949712 -40.7320836053205 1.40604163706298 10.3705183963421 6.2500486075781 -2.61673826771703 -2.83879080708537 16.6038743809935 1.60611963938632
Sigmodon_leucotis -8.92710023117501 18.852476227938 -19.3465463818806 5.74915477244192 0.883900967393092 21.2068430016874 8.07690806957727 19.1128446961312 -4.77104776642908 -2.89317985774927 -4.48324089870663
Sinorhinus_cornutus 8.45472871811999 2.94053063188899 23.1385811682815 26.2684678561799 -9.35565531590054 -9.95638917939134 -14.0307414815934 -10.8572448835071 0.795136757831029 11.6579853620922 2.37552348905074
Smilodon_sp -9.28063061142076 11.7167530191958 -5.55628484786236 29.3799358772256 -13.6827399194489 -0.254197999097623 -9.661117148744 -6.23891134611946 4.72805953593715 7.61293696026368 -4.18460693253866
Solenodon_paradoxus -7.870210978015 -12.000690209072 0.696516101397973 -9.63660710901175 -17.5858564806201 2.81900175419658 -16.5357833343734 -11.6111808453917 -1.52509494601107 -0.838550012452221 -1.23548022202053
Sorex_monticolus 52.6480982484032 -16.7792385077006 -18.697816797524 -10.350957137655 -22.3406483429197 -20.4353835882826 -4.00607144138919 6.29109337270853 11.0873831308282 -5.67897201566757 -10.2908317765804
Spalax_leucodon 40.3398179141538 41.0076093597136 52.2309587282358 7.80857314860413 34.1089985684226 35.8086155764522 14.9700343179855 14.7567955961544 -7.71483746232639 2.88725680302178 -3.49969761862934
Coendou_spinosus 4.0865770607016 6.45923931806703 -39.7230027535802 -8.24791833972199 14.6292760845684 13.0641178017259 0.0697048911099363 14.2998090136193 4.27032893146764 -2.5692520515294 -5.32068277465074
Stegotherium_tesselatum -11.3116298247325 17.9695872564872 37.7317849444734 -9.90695743678885 3.64409242943454 -3.51500744440002 -2.36211435867917 -2.4957613403909 -6.52150593341846 -1.68586059597409 -2.6267785108517
Steno_bredanensis 22.8277999636274 39.1021860695902 -8.00480250334897 -39.2419403985247 5.27704531603418 -1.22160854939684 -4.93786654398614 -10.8081457976275 4.46372024236226 37.2478537820438 0.781172562550926
Stenopsochoerus_sternbergi -19.3501694296263 -14.7109886291876 15.6118409343917 2.75503133255646 2.99727705225884 -0.988504464945888 7.0029285430573 -10.3969035754506 -7.08904288793982 5.79600478472482 0.720049901244775
Stromeriella_franconica -23.4248542980558 -9.96399565431159 -26.9304935805522 6.57649916798022 -7.74376442319335 -11.176593341082 -1.06778292172615 -14.7722464692931 3.6144254910895 -3.63883904497088 1.14541574061401
Sus_scrofa -8.32707220885793 31.4232253277327 34.5381548417136 23.2872714665048 7.61767905109112 -14.8800296193671 15.8148503127112 -9.3120875610506 -19.7384863349619 9.04637568313512 7.28792273318439
Syndyoceras_cooki -38.2393735824169 13.714128714315 32.4208953259707 7.94963516149898 -1.27904800923303 -3.980708689461 11.9078231069225 -13.1212693683366 -12.687955585873 2.63235845234025 0.732422803311582
Tachyoryctes_splendens 10.7823447766169 -15.6890828724572 21.3260180548522 19.7810538014717 32.3058631111041 21.7086999310151 25.152065527728 25.20947476613 8.30437133384832 10.6772887236516 -8.90712048275818
Tadarida_brasiliensis 9.72500155893714 24.7406630190452 -9.72009071967472 14.2055263844666 3.04009305985605 -16.5559724239806 14.8763580788289 11.22292713452 4.14776736418242 0.25098385298757 -8.00888479284832
Talpa_occidentalis 37.8970034635263 -0.208643987736252 0.338997801358195 -15.8208088060331 -6.84178923525495 4.91890260883201 -12.2048076442395 16.3322206899837 5.02792685184726 -4.90197806952937 -6.27519107538775
Tamandua_tetradactyla -11.3868551214921 -4.45961805098744 -0.0982363676281316 -16.7775500323166 -4.89832806207096 5.91436673266425 -0.923252355779019 -11.9038675919422 9.03944099064189 -6.41751118658518 9.62582092079957
Tamias_striatus -4.40216483668881 -0.522325702315011 -18.6688623156263 2.46473050862828 11.0339817886204 10.9600782506753 14.7760868168029 9.64645051589694 -2.06703154105871 2.7954821954125 -9.25470486100662
Tamiasciurus_douglasii -8.24729149666513 5.55154232612187 -25.6707790112373 4.8422923778276 16.8519466170229 4.11173074598049 17.8185606581355 11.4999938273029 3.22667522530438 0.163597765590052 -9.16094368621346
Tapirus_terrestris 17.6106114137618 20.1454802405779 38.6844226337848 43.7815929001674 18.0580733663435 -7.06947543357625 2.34485572413679 -16.7819411921899 5.78654029183118 9.25119149444935 -0.405725697363433
Tarsius_tarsier -36.5504363834819 40.1049906006446 -68.7433768718059 2.58640842304686 10.6240632708083 -17.2503170063685 -4.28891083984571 -4.94071511952477 -1.66916828798955 -10.7749734868435 9.33270673954519
Taxidea_taxus 22.0227897645948 10.5679656668424 -13.8235062633383 -4.47011477383383 -6.5758012137412 -15.9230299897165 -11.7596484219023 3.42072419271623 10.3944034256021 -7.1587957735637 -2.56614673874398
Tayassu_pecari 2.56113524745541 20.8738844467022 21.1522956579857 18.0420315021572 11.6128268300154 -17.6717854759166 -6.0657663398522 -19.5911124515968 9.99345658737544 7.11906719992524 8.81948573726553
Teleoceras_medicornutus 20.7073086217826 0.578252065671598 27.4011957239353 10.9442723218892 -11.3547323430283 -6.74312435132131 2.7053604019162 0.0377850343280458 -2.04011257986777 9.89044000472333 11.4954511206244
Tenrec_ecaudatus 10.2547030198503 -15.4997418962574 9.35377148819294 4.78759294989411 -10.0094804271218 -1.95971336557982 -8.27895106860471 -2.42477770542126 13.9051701836037 1.16780403013283 11.0650912515125
Tetracerus_quadricornis -22.7277163936616 15.6717768509727 14.4142891153697 -12.0502924469073 3.63951916128536 -9.91380031299496 8.77832011135221 -24.1248614668677 -3.39821435856991 -4.32144714873825 3.28514054710749
Thalassocnus_sp -30.792285301352 -6.57915049485348 0.133733527907307 -6.62510465696989 -2.40491894354297 -8.96181654220057 -1.51447032461525 -2.84872653421881 -5.93894033523183 0.166707046205622 -5.92371455998251
Thoatherium_minisculum -34.6659889074912 -12.3114935028247 -5.15520489641047 17.5901780527049 -6.36737673727256 9.31486092172344 0.466951481882297 -17.2599282191826 -1.21677205423121 8.41193215585366 1.93354016351595
Thomomys_talpoides -0.0869734101898932 4.25184637708252 12.4016087329576 4.72751079307555 10.4397854241912 20.726782806862 14.642935479092 21.3287688948174 -3.21869945637641 4.39745182461434 -8.80555526369142
Thryonomys_swinderianus 1.2465194356833 9.69405888359205 -12.1937478087744 6.53644111089599 3.32370178559677 4.93302418590756 2.53737958356209 19.5616053436755 4.55901990024164 3.68148237050439 -2.411264404867
Thyroptera_tricolor 48.4340446990545 -17.6619153492847 -33.4562540276875 26.6442437174248 -9.87554867173182 1.92352155322477 -20.677414562055 -1.47368679767739 9.76930480195134 4.75334216227321 1.72068946141764
Tolypeutes_tricinctus 12.4954810884115 19.7507816654209 10.6023458355202 -9.57243603511087 21.5885521913219 -17.266928855662 -10.8338127625404 -9.36477469278775 -4.59484769118023 -3.96244975679015 0.469812175605233
Tomopeas_ravus 32.5585411589362 -9.07269743533787 -34.635544066288 22.4054107055504 -11.3430349896173 -6.93637797989981 2.45801814020057 2.5994998074164 -2.97036674498227 -0.70722768731047 -1.87039206854994
Tragelaphus_scriptus -29.2750813233906 8.1305473140614 -3.64888410561082 -1.89711449007589 16.7876225429917 -2.43314534063271 3.73132961059014 -10.6509352702924 -7.41936577407127 -1.29021897388549 -0.41854902493698
Tragulus_javanicus -1.00988677019421 9.05431653846561 8.29207648951385 -3.57941797290649 21.0022156317759 -6.89889980941525 0.730446765235671 -19.1552785240532 -1.71530254812291 2.05174023673704 3.24127454339963
Trichechus_senegalensis 1.04560571788006 13.7593616588315 14.981424888779 8.46594916863656 -5.93654538446516 14.3675449130979 20.0647346481004 -7.20325544173651 -13.4540535848429 -2.6374983681498 8.88498047241192
Trogosus_grangeri 15.6376560847778 -18.0531159395571 11.066300636187 16.4229389338714 6.12845704635366 1.65666420533749 -3.59315838334979 -6.55519836622339 -4.87892697316691 13.9329700385781 4.92641672842475
Tupaia_glis 9.48290447888403 1.9669196404882 -19.0054706462284 -15.7092796670648 8.08306233924498 -3.03045145021932 -17.7570954213733 -12.0364661308525 3.28707755996229 -1.90416679333066 4.59560009081537
Tursiops_truncatus 25.8561910683448 57.3112960973997 -15.6328037266004 -40.0205521830485 6.62729139406719 -6.3381051797692 2.70500439487878 3.20535223436033 9.19870216925987 50.6833109471884 4.67133371679054
Tylomys_nudicaudus -10.733124230025 -11.4996222670477 -15.0578825392495 -9.16823579484114 -4.28432276150096 14.6230276887326 21.1122510063986 8.47235287843547 -11.3424912264572 3.43651125064672 -12.6408015904511
Tympanoctomys_barrerae 3.29571242742878 23.1561758539422 -18.6326916440682 4.68709309468449 -0.531023312937933 26.2348868235295 -1.26124936332337 21.7126334195259 -19.7375690439376 -2.48431530958017 -3.48276151079731
Uintatherium_anceps -3.71349260184887 -7.50957254106437 4.63365898898696 24.3090652887976 -54.1062186956429 -10.5640651640861 5.88299362002893 9.0908721224178 -23.3280219170266 19.0495063688642 22.3484699399208
Ictidomys_tridecemlineatus -8.85663229663134 11.2403040341539 -11.7809217474251 -2.50734193409162 13.5943532890026 6.20052272988695 14.4949496379506 10.8150154654533 -1.00371651822798 -1.45960538136529 -4.84956433257132
Vampyrum_spectrum -17.1858274786227 4.07409862686876 -29.0515980721804 28.7602510776138 -5.79896066702538 10.0379436265241 -9.78217956932788 -5.15559619571449 5.39567410570045 3.19830257324247 -0.169455272716383
Viverra_tangalunga -21.5722588362903 -3.88812991190106 -5.95101409019908 -2.98813480091471 -0.525334299021896 -7.11241209426105 -7.3582446012744 -10.1992627941106 3.90080340229364 0.760823961061375 -0.808713015352491
Vulpes_pallida -17.6206559173817 6.15132152627331 -14.4632342233203 -0.475479731755815 4.03032559866996 -5.1996384583269 -3.42953520971243 -6.7789030560898 -1.99903200654743 -1.69551803645769 1.20071747773091
Xiphiacetus_bossi -15.3123624547886 35.9959316939705 26.2226391890081 -34.9745132777604 4.10958973901989 14.5904184341025 5.61104181410124 -5.62742168040315 2.58241891107518 20.8623705500314 0.612895119808537
Zalophus_californianus 20.0656743208701 35.1770347243322 0.170816692034779 -6.95399063373047 -18.3336252554571 -4.8858043274107 -9.66120158305795 -6.92770725201562 13.1304124901704 -12.9865319314442 8.0209324254009
Zapus_hudsonius 3.80355533220032 24.1146866638148 -21.6203518797704 2.44050637781616 8.5665170255516 20.8983412746181 11.5410704588962 17.3281906252079 -8.07740627445627 -1.40569878083273 -13.899212603506
Zodiolestes_sp -23.3544081240078 -0.155292609679363 -9.46675982492691 -4.97025406225314 -5.57192655900467 -9.27281720952356 -4.52625676594033 -13.3859380840378 5.61727861200199 -4.93195159010845 -0.594860298719337
