Acinonyx_jubatus 29.4595192286707 11.6431837608913 -7.86706872713885 -4.53726752465146 -4.31661057035159 16.8604813011971 12.2527516807776 4.10978749471478
Acratocnus_odontrigonus -13.4835034915188 -4.92051602346328 -9.30787462594794 -17.1183245164419 -6.6995178907539 -4.54329363972389 -9.81876317637754 0.760317155615828
Adapis_magnus 23.9243309583752 -3.86916934644983 -9.74699072320733 -15.7728958855221 8.74342687692513 -3.81838036318529 -4.83117308298521 -0.212324837892301
Adinotherium_ovinum 17.1159156470686 19.8625077459745 -27.4790919410492 1.84917754274112 9.84676359122948 -13.3083695943293 -11.5287725640936 5.67578653663481
Aelurocyon_sp 19.1188285056415 9.5060576819442 -0.0399360176408494 -6.16447519349296 -1.56113974647762 16.9202376599522 10.2344719504909 3.57625864458528
Aepyceros_melampus -21.4538573283562 8.6334939409232 -10.4270712004761 7.66194683986938 0.857781933074194 2.42256155082699 -4.70212298561139 0.39469747307519
Aetiocetus_cotylalveus 15.4329643969635 -7.69261374284922 -14.8940817789537 1.4753618593627 -18.1292692159147 -10.1814050545109 -2.78903035330453 2.06105108625937
Agriochoerus_sp -6.91825349651327 -15.1139091623096 4.80176024801706 -3.41094080117747 -11.920460189456 -2.77188123756041 -7.28419127218757 -3.70712817286857
Ailuropoda_melanoleuca 25.8260227816485 15.3758784502319 1.57953340802461 -19.2090735847771 -12.7979865129645 9.98615873753169 6.14970584203104 8.18257243837996
Ailurus_fulgens 18.7908191221102 19.2361628355885 -23.53160961793 -13.8391638783225 -4.7130499537464 20.6856273409737 14.9316432236943 11.1014981166672
Aletomeryx_scotti -23.0556446957528 -3.23973608075871 -11.956542471107 -0.877606508123742 1.05620573013878 4.54641423752545 -2.36899278513449 -2.46080980649908
Allodesmus_gracilis 1.79236550128912 20.9961785363537 12.5279141167619 -6.77518283461725 3.13714854375187 -0.150034895584676 7.15406468509546 9.42728858828007
Alouatta_palliata 41.6816549945155 19.3570160578345 10.9678515140013 -7.59135151420697 -3.53831710054095 -2.16080581678788 -0.333313350340939 -3.69470561710035
Amblysomus_hottentotus 15.7712457742289 23.6643855856114 -2.97594144546148 4.38929619306907 9.63672379193338 -26.5985745146966 -4.19383389623673 -2.41801135579897
Anchitherium_agalensis -30.5631533335463 19.1985338240435 -6.71635389513911 -8.72637239497479 -3.22355929771433 1.28061511253182 -7.90477714384777 1.47303111718974
Anomalurus_beecrofti 31.1010392229738 21.3173847108628 9.7447529637385 10.190049302829 11.0588929085647 4.15973170781572 11.7648468705171 -3.37207646211151
Anoplotherium_commune -51.5441283207196 -6.64520929080182 0.462350224969731 4.75069131265821 -1.25846105075006 6.32516898437184 2.92561146203533 -2.02987453569091
Antilocapra_americana -21.8967531525439 -2.32118443955199 -7.21730579685205 10.3518211379355 -1.92102640103306 5.82205638227799 -4.50809638793399 -2.08897212751392
Aotus_trivirgatus 28.4260955502251 9.23810323714995 16.0113460409616 6.80323301703703 3.35008134375334 -4.60179900635247 2.17837545679336 -5.35408130497495
Apternodus_brevirostris -14.3325785075071 -30.5181332533054 -12.2561459869039 -17.3406532214427 -13.7481991799129 -19.7425950279614 -19.4200308610182 18.8408427465839
Archaeolemur_edwardsi 31.8020173821995 13.3258098498733 -8.67169677145841 -10.6668146029665 3.57946435492348 -0.672726631328603 1.11110245023776 1.80008626496155
Arctictis_binturong 7.18176014211614 4.47074758707665 -6.70674444343397 -3.27105942135112 2.70482129563527 5.12076460195168 5.04446656774892 1.52960624185727
Arctodus_simum 14.997593165881 12.8307690777302 3.55843262288438 -13.0196318404762 -11.3671839368026 11.0333449044096 10.5245999488166 6.16804099373675
Arsinoitherium_zitteli -8.63210221204372 8.67276266828146 -1.03635308537055 -6.75333265299554 -2.08339685982935 3.30796372908678 -0.912011772439657 8.45445925826152
Aselliscus_tricuspidatus 6.56373743049148 41.0806846614828 28.2635653754523 -5.21592902678215 2.1226459053153 2.17499565076742 9.83047843878772 4.55171393768277
Astrapotherium_magnum -19.4157781163523 15.7618800202067 4.76422590334291 -20.0748319018901 -4.0750409180659 3.54720281020893 -8.28368785615838 2.2483739755594
Ateles_belzebuth 37.142618527025 28.1014649704638 26.5432859709899 -3.2847223383599 -10.177449254692 -5.57349229267584 6.59912074995846 -5.02329184619526
Atherurus_africanus -0.654708299361766 11.8771247668324 8.86183627470372 18.0528810032998 14.7369016239652 4.71793415148783 -0.246230262311812 -6.1234447100692
Balaenoptera_musculus 14.2290718214854 -5.75450108705458 -11.5023200653465 -5.36528218383667 -16.8047993513234 2.72633632522861 -7.04128318370004 -1.88625825507644
Barbourofelis_morrisi 27.1989384679587 -19.5195235857294 36.2206546973701 -9.72579001095312 -3.42708805419566 12.3785726307283 7.99806998334782 -0.174129392774336
Bauerus_dubiaquercus 27.644938002021 -5.94928771674685 25.6467580275846 -4.53490725454555 1.47056283836153 8.02926105118564 12.1899403266633 -3.67127441729397
Bos_taurus -18.2311015545196 10.1801227028389 -16.3535783034161 12.4220888746287 5.96739131234323 -2.4408217879228 -2.47391427233883 0.107724939328965
Brachyphylla_cavernarum -8.19614006836697 -7.55744475577404 8.3592133783598 10.2157464530645 -11.1361509523823 5.48845687979868 1.64619702421121 -1.64908789682856
Bradypus_tridactylus 5.82977125924099 1.02539989350765 -0.980751432719861 -10.9553491221214 -10.5955622249488 -12.8962733299503 -10.0045834906098 1.63135387448563
Brontops_brachycephalus 9.96189325234679 5.09456953283624 6.84728576373045 -23.3073132337799 1.73752825552788 1.47752843432684 -2.81332808346398 -1.04237572911552
Cacajao_calvus 45.2399771715985 15.5005262765467 17.4143192924485 -4.68023931432378 -2.53199431723981 -6.49772115941273 4.86270511175808 -5.94743923357791
Caenopus_copei -16.5177072180644 2.19305073098893 -1.04162364246884 -13.9310426351759 -6.37268392669471 6.48044927937576 -3.97854574464386 -2.32567494001186
Cainotherium_laticurvatum 2.88126952972001 4.19236814126558 -14.6836019701718 2.51385087971087 -0.16267187224298 0.308495370572674 -5.91532732544041 -1.80498170508181
Callicebus_moloch 31.091076347233 8.5406940182306 20.5653181295413 2.58159539590767 -0.979640182130346 -1.61174488723768 5.00939899763852 -2.73311718512357
Callorhinus_ursinus 12.7539552385672 4.20059172498972 11.3580325277884 -3.92373942935796 -1.0615565663258 7.18612924429258 14.9242518468567 1.30225897025318
Callosciurus_caniceps 17.9467137811441 19.8429806743789 7.18223663811622 17.5189309509975 15.9916361630652 7.55316577230192 7.34876107626146 -7.77237788968415
Camelus_dromedarius -7.78060348403605 -2.79893271224675 -3.40812119521962 -3.88353463261413 -0.447928506910938 3.03296273884377 -4.2657681686244 -4.64839776922054
Canis_lupus 5.93927078586562 0.0578210781978527 -11.9552979713969 -11.983831336964 -1.42117156121697 13.3293007721339 11.9118312168099 2.94667653713957
Caperea_marginata -0.269709794248472 -33.5526499377844 -5.02139410387808 -5.66782037415087 -11.0753442731529 -4.5420855516487 0.118716951254613 18.8066596180246
Capra_ibex -7.83810675209333 13.4601246236547 -11.2968250059675 8.91363280321218 3.24460427127841 6.34279849097807 -1.56501789057886 1.75175687282292
Capricornis_sumatraensis -20.1369714385459 2.40565082315045 -8.33910273863992 8.35323803407059 4.65254404876388 2.35413302286547 -0.903091932939194 -1.74195742678819
Cardioderma_cor 24.595953640584 5.81554957654696 10.7757266795561 0.105372950492052 2.13034056937191 8.84252179188075 10.0426991455707 1.16458161234725
Carterodon_sulcidens 20.2843839138094 29.5486139162747 8.34504545258818 24.8329803177919 14.4987533750095 9.55649361973455 6.76278457914379 -3.65850186851841
Castor_canadensis 28.9018723016677 5.73496774424803 -1.8094992770916 24.9424566418123 10.9088072948694 4.78388739756555 8.94793301413015 -1.57057106641284
Castoroides_ohioensis 0.803965288774797 -3.36612758828266 -16.1374414420672 25.5858489121311 23.0068983046885 19.8727400053399 -7.4411724880037 -7.40920597663203
Cavia_aperea 0.868158494714199 0.563250277648477 8.11109533887933 20.9484890919501 14.3373618806698 4.19949908644814 3.59671257214351 -5.54930077515637
Cebupithecia_sarmientai 39.812438959677 12.0923571682473 24.8741065707393 -4.53660764940069 0.580678196783007 -4.92624727370456 11.4751584614777 -6.00858485448046
Sapajus_apella 36.4849128896881 27.2162015599753 15.4650261199028 3.05777081860443 -4.24333422849534 -2.25335660757701 4.49297171289734 -4.34343628196907
Centurio_senex 56.8900717169946 9.54603263862527 49.1629353547201 6.97421136127439 -1.15861037826868 8.93000024269779 10.6189467890466 -0.207867503492354
Cephalophus_nigrifrons -4.74624421481723 13.541271208399 -6.76876789443562 17.2112570862205 7.69356940345975 1.00263356200524 2.28216377901728 -0.00262395086217886
Cephalorhynchus_commersonii 20.6393260833111 4.3701857584575 6.49197775397612 7.64425896478283 -14.9192442527109 1.68559829089055 6.56510135599799 -0.0753688510922216
Ceratogaulus_hatcheri 57.8089803467354 -0.80106337539508 -9.30926392980969 12.2018586165466 12.7354721776077 -0.19715522551978 18.0987192395987 7.98416379676379
Cervus_elaphus -15.5120808114233 -1.41209827392906 -13.3163728721153 5.83232333890273 1.85518044498771 0.47008343076638 -3.78760890109802 -3.11203566343873
Cheirogaleus_medius 12.8140183374314 -13.1231343520635 0.0835800002015642 0.903483950429956 0.188046687125675 1.07302791968489 4.60036960861343 0.204103291458024
Chironax_melanocephalus 20.7469639854371 22.2652484852458 7.23765907411532 -8.06512079967519 -11.6537641233894 -1.3153592436071 2.0301755734756 -5.13223370097452
Choloepus_hoffmanni 0.502655979125284 -29.3028851768313 5.87885896641704 -2.75853020696185 -7.74460606717098 -5.26793588506698 -4.29136382742924 0.654313581619051
Chrotopterus_auritus 2.18904399582028 5.05339223843198 19.4218283710701 -0.815028717030474 4.63771322075019 4.93417791275683 10.5184840071325 -0.245625815724391
Chrysospalax_trevelyani 16.0403786708697 34.7611742002891 20.2133945960469 16.1570193138358 4.76303389662526 -8.6164523646014 -10.9266489379716 14.0411763204172
Cistugo_lesueuri 20.5618510434682 -5.95479539888556 21.5882490693038 3.00874792004004 -9.04115908864597 8.74013675111776 5.94392354466039 -4.38354579931
Coelodonta_antiquitatus -11.9456489227225 5.67613836275271 12.9500773031523 -9.74178245032771 -8.52685562552166 3.81857343461582 -2.11667237292518 0.190467507291943
Colobus_guereza 34.7672107725956 -2.57229462527291 10.925433798621 -2.76373904952489 -5.29512875464778 -5.1493494506124 1.83130692330136 -4.82698828009622
Coronodon_havensteini -4.82702609861836 -34.0078326092449 -24.3659090795366 -7.65948651920875 -20.7269761024 -3.43555524306722 -0.909758703096304 6.02113017197343
Coryphodon_hamatus -6.63874685866354 -9.56099578410231 -5.755639209817 -9.31914566845882 -3.41058089750553 3.10730024935679 4.64230893683604 0.984935148253079
Cotylocara_macei 17.0382334751632 -6.72690564815646 -8.83744770059137 -1.5534746601741 -14.9450166725421 3.67523734339995 -0.0189060234734158 5.00541095457791
Craseonycteris_thonglongyai 24.8987569567979 16.4526913243749 41.1104367594969 1.2349866029775 -0.543563858275023 -2.19487351172091 16.4522710433938 -3.51200981569159
Cricetomys_gambianus -2.66786176852145 13.2857370669397 3.53950668686741 16.3699302521883 12.4596922031038 5.04928176104559 -3.76873679582029 -5.24642572583501
Cricetus_cricetus 20.5639999127569 10.3540326844756 16.8025766221119 8.11109431335091 9.44934585709045 7.74884939940382 3.34877161459302 -11.9527581898109
Fukomys_mechowi 42.3901413815204 30.4983829701264 6.76284741311645 9.71946925605296 11.9701302885628 15.4144468863223 -20.1882324432953 -11.3654921556516
Ctenomys_knighti 10.8143340298532 15.7463733740656 -6.75375761251289 26.4084223905083 18.2610297185255 13.3819896032596 3.05070886350213 -6.66444960444994
Cuniculus_paca -2.51340457212474 1.34757632416351 7.99123866348678 18.3391612124364 8.91455558930789 4.32984127887655 0.641090552158494 -2.09673970026208
Cyclopes_didactylus -14.7359130887607 5.70586640227723 7.58325957807736 8.23222531928444 -13.9814668557801 4.631603695345 7.63785017202028 0.170881296639869
Cynocephalus_volans 1.25367423234921 -18.6382248615669 -2.10595173753914 -6.82663913730664 -4.90944309366398 12.9023330185117 7.47217108342982 6.57151649334832
Cynomys_ludovicianus 16.9526624912207 5.26109616350048 -3.76970895865022 21.22345525048 21.2374881081478 13.4408407395612 7.28543718108487 -9.40206460960628
Dacrytherium_sp -17.0887872171236 6.22334005153791 -14.9917565773138 -9.93737069841108 -1.14840477621095 7.13224732470946 2.44500555478152 -1.22811121002342
Daphoenus_vetus 3.32608246334298 8.52051298588599 -3.58787281307223 -12.5112723021162 -4.25881212268842 9.26602136827547 8.4952968885626 1.94402910826508
Dasyprocta_mexicana -1.68504844107836 23.3501034958516 14.0363706546723 22.5887895191782 13.620549863675 6.82134664525732 -1.95238321447598 -4.38383679489947
Dasypus_novemcinctus -23.4566560067488 -8.21798833332642 -6.08884846012884 4.30848264070572 -1.03655462543791 1.84094022331173 -1.49718927731492 6.43340315460129
Daubentonia_madagascariensis 21.8217480758984 -14.262837703822 2.59552458453611 -2.61095209103904 5.00634525671441 -0.329969584364671 8.18777814797891 -0.112258499412579
Delphinapterus_leucas 37.6611570919032 10.2208839820707 17.6017226755918 6.16329012715961 -7.66417155464242 -4.28181387389425 -3.7145402361277 6.7417318911168
Delphinus_delphis 13.9073894654954 -9.94561527401486 4.39661136046602 10.5644692356414 -7.53346971931955 3.55087280675814 5.49434638235624 2.56975726679723
Deomys_ferrugineus 7.57598516257386 18.3294204007395 22.1467116118066 12.8402156147858 0.119590694762109 -4.57574285867292 0.825313496781831 -0.318173571701344
Desmocyon_matthewsi 6.69653206174774 15.1064116496669 -7.82605950463375 -7.39849993940258 -4.05740568594878 7.4564954243401 6.58334425965613 0.191032473234817
Diaemus_youngi 23.3275697195716 30.151344622609 30.18093011083 1.3428730109266 3.08471616900458 1.92428459840874 14.8363400506664 -0.25084399154663
Diceros_bicornis -4.01585600991522 13.20128293544 20.8564449208419 -24.1543688398824 -13.4772228329244 -0.909107546274571 -3.818284527528 -1.35944810330815
Dinictis_squalidens 18.3906588631716 -13.9367617472089 11.7125632420715 -3.22224807127029 0.272870737671693 9.43109480216882 6.02626139444484 -1.78860275683192
Diplacodon_progressum -0.0564323996178816 0.572097503960257 2.82411570252555 -16.9712178099 -3.56594706860187 1.82057316551034 -5.39199675496269 -6.15265391667404
Dipodomys_ordii 12.4608027178397 -17.5712775802871 22.6098964988328 20.4726739927309 3.23041343059654 -1.07280638181903 8.48921615028159 -1.97950182508642
Dobsonia_moluccensis 10.1133812323927 24.6108248326389 -16.4752256126703 -10.1275867548867 -2.24764991118654 0.0357471478573027 5.35498163136782 1.87351149505981
Dolichotis_patagonum 1.39333767540292 10.4931279042168 8.99549965018528 19.8405794344896 11.6616288994937 2.20672084356567 -4.75236903238361 -0.72005356313935
Dorudon_atrox -6.88884302488388 -18.1848089414425 -13.6065006918738 -14.7738705081395 11.5628135564014 -13.4587771049854 8.85177743323446 1.00647489122432
Duchesneodus_uintensis 22.5002695421046 6.44514535542286 2.10242148630822 -20.7323633278301 -2.35261250406799 6.97623228912726 -8.60301341231352 -6.64964479918615
Dugong_dugon 26.4097760937758 33.06444804439 -17.1994476807779 -6.76779905719492 14.9732465312333 0.397160481256275 -13.9780407744979 5.70279443983329
Dusisiren_jordani 15.1646994848859 43.121207681258 -9.80706493748239 3.77770831871415 20.9627207635407 0.921345373895377 -8.53739201690103 -2.86145132919417
Coendou_rufescens 14.1997039004952 18.5252338748846 6.14825423565939 26.0604131295302 15.1063131168511 8.993484305001 0.716168075597882 -3.9001288451787
Echinosorex_gymnura -4.94651400331181 -0.550781640322589 1.68622668393443 -6.3016112176257 -7.24512377631409 0.324134089678812 2.11704846548346 -6.28179282014957
Elasmotherium_sp -19.5933230752414 9.75850035018928 10.6492672100303 -12.3411339186477 -6.00701678657713 5.94620668373367 -2.12955184305457 -2.07211133282299
Elephas_maximus 30.4322776987064 -3.8739016892769 16.483911756145 2.59949587225383 7.76731174948903 4.5539888860061 3.79652221634981 2.30964554773299
Eleutherocercus_tucumanus 20.6242705927128 26.3563131310627 -13.8388553700208 -3.16026471304422 -2.56906650371388 5.82105654468687 -2.19860182198454 7.77144864853062
Elotherium_sp 17.7884141921204 -30.0791493785133 -19.876801786857 -3.88983252423487 -4.4339568080231 12.3984027057576 -9.61264359564376 3.10595514540329
Entoptychus_sp 14.0366484087471 20.8347802585866 13.1837066565294 10.2063497287011 5.89984933767357 1.09038203293551 1.42070283828012 -5.53634644985373
Epimanteoceras_formusus -3.95751121036547 3.03972704058614 4.16483161181611 -17.7441086254701 1.17499659558268 -2.85815761871186 -7.7474752359453 -2.89832910409214
Eporeodon_meagherensis -0.18178900580538 10.9080209124437 -3.26035987251096 -14.216641171461 2.13404278062395 0.795263148012705 -0.739308202850829 -0.17724588792922
Equus_caballus -16.8890661962346 17.9308505885537 -13.6912614744307 3.95956765320588 3.0320743652597 8.708804373113 -9.90547287025485 -0.563205055817587
Erethizon_dorsatum 13.3028451717644 18.2843090778722 -0.252288222882983 31.086629719689 17.7785707419285 17.9446728051002 -0.722380467234735 -6.50604883390028
Erinaceus_europaeus 9.18223153542602 1.46771283373023 -1.23382262595079 6.73953835246065 1.66856699563111 -1.68282730499349 -0.357255556226614 -3.77534746940811
Eschrichtius_robustus 8.96765594355558 -8.86802691069676 10.415179638968 -3.89489753654649 -13.6661711296248 -3.91533441872357 1.42142263629758 3.25935467324885
Eubalaena_australis 35.5262899163205 -33.3359769972099 19.7660295050057 -6.02639803873679 2.05956229296071 9.32439054049994 -12.075677400083 7.6254385451294
Euhapsis_ellicottae 49.6227931672686 -15.946444996869 -8.77224923210892 44.4873004860543 -5.34533573609038 -7.59428917467291 18.0432581797044 2.81629922563837
Eulemur_macaco 8.12378607039581 -2.50032052838887 1.39213808393263 -3.3672514273024 -7.37785469292067 0.511604408868025 2.28515615965479 -4.37671992648753
Eusmilus_dakotensis 10.1439634049902 -20.602375204363 30.0596214069216 -21.7683002411227 -0.691229462583928 4.04795595594133 11.6852485382184 -1.80001722580428
Fossa_fossana -10.3865191324997 14.792270999995 1.83019410524227 -6.08241306213032 -2.02371481318583 5.74593570467689 6.95475145214109 -0.450244789355377
Furipterus_horrens 17.5450964114196 -7.51160811075824 20.9052155909574 6.74319034848281 -0.788882978015324 1.55038280741417 13.9313191182474 -0.681618658415268
Galidia_elegans 5.44763445873475 15.6875326747026 12.9204888672101 0.267948609935899 -4.45701855488714 5.05019976731828 5.12092626926174 -0.336806367732966
Giraffa_camelopardalis -24.3942933103264 5.69060713793609 -0.500600633985238 3.91387643940201 0.255019133600358 8.90725335959005 -3.04734556849236 -1.62758165790711
Glaucomys_sabrinus 19.7001321624267 18.8564173536707 6.93480735051284 18.496853950219 14.1849490078191 2.47531458839564 4.81726522183574 -5.61951018971252
Glossotherium_robustum 0.421808169129329 11.2590242835781 16.1628138816093 -2.74444558163891 -9.25887769637877 1.85428046662511 -4.01428020057759 0.000918169804495233
Glyptodon_typus 28.8032537415492 30.4405066853395 -17.8154092896084 5.68580590742765 -4.25403001833264 15.1557321461201 -11.3214458926992 2.05446628953626
Gorilla_gorilla 42.5788034767824 16.6506541832556 0.808695291077443 1.30448768174758 -4.32706874056228 3.79226207763436 2.49621793168769 -1.61080775083505
Graphiurus_murinus 29.1580114836817 39.3047565508668 13.8110947599489 9.0911368877968 2.7504177594135 2.09314045280948 4.93667543716786 -5.37981630438608
Hapalops_elongatus -18.4735811119546 15.7696276527246 -7.35564313809757 -13.6033227297226 -8.25187766421872 1.17378495492973 -0.104864515511947 0.9798535060576
Harpagolestes_macrocephalus -4.32857715788117 -9.18136673257696 -14.0308457238587 -24.8524581133352 3.22213232420304 3.91835284839529 1.78724168177831 -0.341072908501297
Helarctos_malayanus 40.9496933620166 16.3985633855865 4.59077195496607 -6.86988679506415 -19.2381889899846 14.1749064343384 10.5664691029655 3.99741658649548
Hemigalus_derbyanus -9.41594532151195 14.4231085937393 -3.14949874275586 -2.78846462941435 0.446907696483166 7.63395071142487 4.79113016593493 1.05710445070727
Herpestes_javanicus -0.54393740839197 16.2338666002344 16.1400229597526 -3.89224492472412 -7.0409323829348 10.2867920057543 8.30805228705907 -0.770280474914502
Hesperogaulus_wilsoni 81.8193164230904 -18.2469690109239 -0.88338153722324 23.9765912912655 7.84250348587931 -8.23315770588666 9.76469052258688 7.43914282204099
Choeropsis_liberiensis 14.7721419285699 -5.80690608503679 2.28905423958321 -8.96706859792003 2.48753123179595 0.214036626223657 -3.40696207901741 -1.18817961681336
Hipposideros_armiger 7.68783473234785 2.80974694840866 12.7868537755732 0.701670978916462 3.82160653758783 7.8579714877466 8.20167891771328 0.843626363178474
Hippotragus_equinus -20.1486298317569 10.8803375681549 -9.34149827785728 5.56998478419066 1.88797168936455 0.953426344946489 -4.90843663910886 -3.02802555893996
Holmesina_occidentalis 3.31964085851872 17.7480513221876 5.89955855952261 1.08355322054856 1.55637293003587 -1.37772573245613 -4.72345548060146 -3.70221144308865
Homocamelus_caninus -32.520479657215 -1.12804235364173 -3.2673895961178 -5.17084408246751 -10.515618447952 4.93831626728739 -4.28009440004358 -3.84583393447726
Homotherium_sp 17.7919708612794 -3.38256185009057 25.6559278534516 -3.66555178291964 -9.69646735136373 16.7106266348203 8.16688779236269 1.23771611365835
Hoplophoneus_primaevus 27.215097426605 -3.1649713438047 7.84238996823059 -15.4628578751546 -2.37913192198894 11.220296353113 16.4735386734274 3.10778102412443
Hyaena_hyaena 15.4816363081963 5.72210271257755 -4.39670577238569 -9.37718485659331 -12.2906702685994 17.3303603166084 3.16639366525301 -0.806332023923546
Hyaenodon_paucidens -1.2205492787446 -11.3310833280922 6.2145038786367 -13.7262105215633 4.57953321962768 2.92830405146089 3.01702862979622 -2.99890378354868
Hydropotes_inermis -11.8772346925044 -0.0421191449394435 -9.70426070843529 0.0887937859565742 -0.54200792945415 1.56994956160345 -1.91592976895025 -3.26219495237375
Hylobates_lar 50.5839827646811 12.869298282968 16.0710691031032 6.72722729481732 -2.35810987381896 -2.44172542709736 7.57664094261829 -3.4033370501308
Hyracodon_nebraskensis -13.5175486392165 9.05539448328886 -4.15686334606072 -11.4052605038501 2.99233591881187 9.39187042937788 -8.90145947620436 7.62956844988219
Hystrix_cristata 8.34414424040064 18.5259641074473 16.3460781849357 24.76528139998 10.740237992296 7.47697296554463 5.50388667654318 -3.87967739113886
Ictitherium_viverrinum -0.833960377979005 4.29293736486658 2.23504067103793 -7.84661728472105 -6.20815171205899 9.01922655153489 8.01365694564966 1.30114482561735
Ictops_dakotensis -12.5388016658653 -4.74976618283181 -4.59789182843601 -4.05128257306857 -4.00005613437043 -0.51566390734362 4.31805653882038 -1.43214567934407
Indri_indri 6.09912971208637 -5.48071732668356 -4.25663292164313 -6.83804117233847 7.21297859884537 -3.31487265277468 -0.337039638297789 -1.12874434028116
Inia_geoffrensis 17.1858903263701 13.0625273775948 -4.54154806558359 4.22882195292107 -16.7679071059278 -0.132986934779983 2.98788883014341 2.60633504032712
Kannabateomys_amblyonyx -9.7162458470649 29.8350449288602 1.05664606241784 21.5998857503697 18.3588243243575 10.4680130061491 2.20016499932107 -3.12596099406105
Kerivoula_minuta 22.4592152867809 1.61571446290596 18.6625858633988 3.64383555792478 -3.61215815861172 8.14997413865774 12.1172431565898 1.45575907775445
Kerodon_rupestris -4.106916620705 6.81167431549266 9.8828467577594 21.9207736389246 11.8525023379017 7.41950784489154 4.62011155005658 -4.61333053283644
Kobus_ellipsiprymnus -23.9422151204184 8.83351309380435 -11.6455341592417 7.87950963191308 4.59836439969091 0.318383255779785 -3.98317267518801 -1.36293560254992
Kogia_breviceps 59.0183276585666 -28.2697681244884 5.81456395283833 13.9494499369094 -2.27608372833745 -5.68852144762727 -1.99250469005267 5.71223284090497
Lagenorhynchus_albirostris 28.1003267553419 -8.95440169584316 5.71413807435071 6.0142448962767 -9.89240436231798 -0.104382713947847 2.27771483277334 5.27546228927348
Lasionycteris_noctivagans 16.5145365854083 -6.19953838550753 26.5841146991059 -0.979668899674014 -10.0474384664732 3.3191632544392 5.26959115882836 -1.01141849176646
Leontopithecus_rosalia 26.3377555300761 10.1811694076192 12.1948499312151 -1.20310850865128 -3.48519936035643 -6.27696662842948 4.20967737052842 -5.2411320383317
Lepilemur_microdon 16.8599005955559 -4.2754134088101 8.22326583453886 -4.03783737107712 0.831540141450676 1.14428402159511 6.18498299011505 -0.509496421680904
Leptictis_sp -9.47842376937179 -13.4127203355726 1.73315624710214 -6.77510818724404 -2.08756550503725 -2.23603817507051 4.58275969305805 0.297454809415459
Lepus_californicus -7.42061909547305 27.7126662893335 -5.04525449334207 18.622509710471 20.2620957898042 2.35335286943448 -1.11723048705835 -7.94235244939253
Lontra_felina 18.2580625472788 21.0380208346442 8.16927933251376 1.97471219043036 -7.73935474170432 16.1126672952902 12.965137215948 1.19787749436141
Loris_tardigradus 16.1923510089257 -2.84546137062107 6.34122599419591 8.06302978264661 2.07265654291824 2.35874683265458 9.11717272030481 6.55794247851532
Macrauchenia_sp -26.6926054310966 6.12544107795542 -6.35581324090744 -1.92802400051103 -1.00967917138303 4.81290195436354 -7.37552871934932 0.187165804633772
Macroeuphractus_sp 13.8287276398806 2.37466150574129 -14.1129174244145 -5.90378232343549 -9.12061154536855 8.02802429245204 1.10889656864793 -0.294689637090308
Macroscelides_proboscideus 13.7438969184394 12.8251455278642 -3.88437479371688 12.6295597784235 12.7460206038938 -3.40389509590115 2.42635929849577 -6.59117353475918
Manis_javanica -12.4697025723795 4.94713016678958 46.4220113769591 0.360126341603453 -10.8961947010829 -1.71235602031489 -0.0613029273312763 3.0607315016024
Massoutiera_mzabi 28.8280808040006 3.53033217357315 -0.362983192292015 20.0634673569643 14.7519538985667 -7.44835708354126 1.94039980300087 -3.68170140188578
Megaladapis_edwardsi -8.11734534483692 -0.683691077030103 11.32809436389 -18.8320507070977 -3.35413199839993 -3.27454987136049 -5.54233737817069 2.14661549374602
Megaptera_novaeangliae 36.564413391292 -32.9516447926766 -9.79680054022553 -8.15899953089552 -15.8969727958448 4.99043042138879 3.73294559461536 -2.38106033489149
Megatherium_americanum -3.58474470378579 18.7972537120551 -3.87323360103972 -14.9165134100165 -0.110681443543335 2.36608838418104 -0.428570357485085 2.05897424346068
Mephitis_mephitis 15.3878817287739 13.1838649346769 6.76697308360212 -0.829437849352398 -8.64814368862786 14.7723758957788 6.00555367476826 1.01946584912366
Merycochoerus_proprius 33.39030154529 -2.94781922916323 -5.03945092268407 -10.7866379246982 -7.25112668144589 -3.64955824851671 -7.58284010697179 3.19088085259819
Mesocyon_coryphaeus 6.56533474843722 8.01865849274476 -3.37777892197074 -10.1514231973417 -2.47986649470076 8.74100573663027 10.7185072840009 1.06186068605668
Mesohippus_meteulophus -37.0032804616079 15.0739560683629 -16.3881336940631 -0.613231386521264 -2.74957407875996 1.90944931003291 -2.31595405079784 -0.842326571539273
Mesoplodon_europaeus 19.0458396091996 -11.2569139667935 -7.92629034189617 1.54205917621904 -17.2505805582774 1.22019160678516 2.45673928587717 3.71447352889496
Metarhinus_fluviatilis 11.5560509323299 5.06179582608842 -0.0890340654893175 -14.2070704682716 4.22692196898725 0.518759085844022 -6.54986691211002 -2.40833501326547
Micropteropus_pusillus 12.6741275404749 5.7101606224265 -4.67042079415236 3.79718522659528 -4.69025289406035 2.56356261218239 2.82717101143281 -2.67444707133758
Miniochoerus_gracilis 7.36604379416253 -1.48693539905526 -3.570608948343 -11.8153636593928 -3.0277563193246 4.67722339716068 -6.41705310576703 -2.14615625209048
Miniopterus_australis 15.684228365323 -14.9314627584719 36.7136017909285 9.0310982987209 -7.36440738195486 -1.79609806093315 6.38264358432347 -3.80486461664182
Miolabis_fricki -32.4720042957336 3.26937947016051 -9.35534287258308 1.12910966778675 4.97647163592041 0.130597826524028 -8.25791068202319 -0.429499918018816
Moeritherium_andrewsi 20.4445568078182 -8.51793618795907 -16.2745120616245 7.46873753558781 12.6233459589204 -2.53896532989128 -7.49504098865461 -3.21867695051223
Molossus_rufus 23.4684419655935 9.91829715370988 18.2298943009921 5.91691965245405 -3.43563090816772 -5.38854661779135 3.05292164959596 -6.33115439720382
Monachus_monachus 20.0741029832275 18.0111986027002 1.17164540962165 1.11458026926477 -14.1476216659597 7.01371353476721 13.2244271913249 2.08572579183047
Mops_thersites 25.4205635943667 9.47436982602079 21.1512893952686 8.76416460325356 -6.8224325680615 -4.40617232085536 1.31048827628466 -2.64294035585591
Moropus_elatus -14.0160994194017 8.39954245590543 -1.43312973609342 -10.3758077941513 3.02817030959261 3.2751436027712 -3.96073604575338 -1.56314216385907
Moschus_moschiferus -16.1405291663002 -0.87737906872112 -13.7622077952235 5.19360960513888 1.93089113994953 0.726357139882623 -3.70964652101108 -3.39101010037019
Muntiacus_muntjak -13.5863114228263 3.20343306291847 -11.9132254297701 2.3809730050683 -4.8073439539594 1.63986643990942 -1.04913670866121 -2.90233077427006
Myocastor_coypus 14.3630686073947 18.0980774690637 6.47368331087331 26.7914542425097 18.0071772039727 16.6117864804772 4.71618796341121 -10.9502166435174
Myodes_gapperi 14.9943888370977 14.1654401801844 13.7400729415153 17.8466601900538 3.07947882366569 -2.75859829094395 -5.09901560821668 -2.51309023495525
Myospalax_psilurus 24.4280412102505 -17.7425557617858 -8.38365540226851 24.5296138106398 12.6016562547677 0.360206344260407 -0.59748124229894 -5.7577677733174
Myotis_vivesi 21.4418709196393 -5.73370761530318 16.4216053133403 -5.17001060800243 -9.18755815471402 2.74672833795121 7.24173018688191 -5.40932845498341
Mystacina_tuberculata 19.4296535447696 2.15361248551359 33.4601475449781 0.400767127990978 -13.3810454058393 3.87074522284791 3.78714568853104 -5.75545555532889
Myzopoda_aurita 37.3045393725039 4.87855131651518 28.476197803061 1.49703737757131 -5.02413306473884 2.06258278313959 16.7786129488768 -2.06800278791074
Nandinia_binotata 1.19051135713024 2.95357536271609 -6.04764227924555 10.6996780233701 -4.52395424844594 7.23340715847896 7.1824372718193 2.28510032048217
Natalus_major 6.45567141352465 -7.20187555379855 19.3154102881917 6.03560877735028 -5.36620760757274 -0.177637239953499 2.04888930152538 -4.02685375181056
Neofelis_nebulosa 24.7675357705632 10.2254213496897 3.51345595163314 -9.32932928793647 1.2575662410771 9.16707349334551 10.3956366956105 0.674601736298074
Neohipparion_affine -20.2639034423965 14.3797930460506 -8.41430335061332 -1.15904633242369 3.1408019378789 2.43322494019552 -11.3355224723458 -2.78865480637712
Neoparadoxia_cecilialina 28.7539394377063 15.0033599569313 -24.7735650026728 1.86868106420153 -0.575752447610979 -1.10725970583522 -3.70720493756378 1.13094360389366
Neoreomys_australis 15.1223615572967 19.5184762856958 17.4829968239787 19.4653005028281 7.93887144017846 4.98676815022217 -15.2880387307408 2.59396223716539
Neoromicia_nana 24.6837176207369 0.231190609144358 21.6735384807941 5.11909069944916 -7.51139261075192 7.66987930799151 14.9228667497254 -0.49399186914592
Neotherium_mirum 3.92754588467372 -0.36638220105163 7.29289934886871 0.410024361259038 -15.5642022972161 3.98172763187484 6.81196898198495 -2.69910559754162
Neotoma_albigula 12.9323606056224 11.7998431507232 19.3375725567524 12.9670365546627 8.47409493771698 -1.19752209103185 -4.73887106181877 -9.06354768926177
Nesomys_rufus 23.8967360823916 24.0230200048742 20.0171540509091 8.45563728780782 1.82221537067398 -2.75251314815165 -5.58856204146013 -6.44424942277254
Noctilio_albiventris 40.5475960142606 -2.2873390272536 45.3481896783827 -7.05745732026374 -14.3609964555369 0.479616692247035 11.9922060436728 -9.92902312178604
Nothrotheriops_sp -10.6422032286565 27.6423839740662 4.07160344089587 -8.13335809370345 -11.9646016614445 -5.7688270295395 -15.0153097727847 -0.165163875450548
Notostylops_pendens 0.57567311639878 7.97528579005194 -31.5951857608523 -9.47541299787297 2.64446553870745 -4.07850715853626 -8.12490162361472 4.20364904279552
Nycteris_tragata 26.0814732611588 18.910233323663 11.2710727915918 2.10482442860672 -2.73465670325043 -0.959532892712183 0.642570211293061 1.48485809358296
Ochotona_pallasi 7.54677999015089 47.6783071932071 -6.84543316070287 18.001015207771 6.38693806987245 6.89582612063072 -4.7086356772382 8.6761076664258
Odobenocetops_peruvianus 52.9160628992965 0.123424240707927 -13.9619377616868 14.5519929885464 -15.8030604390536 -27.7591878605077 3.9328236777409 3.76460093831055
Odobenus_rosmarus 26.2259288781828 7.3439924376516 18.0879928070409 6.18893358297608 -10.5971247882973 2.7872637044338 15.019587672731 9.9062986773379
Onychomys_leucogaster 22.5799439155705 0.771146496478209 25.57497772572 14.9017705805651 3.90089969093702 -3.99936832394425 -4.01144313097726 -6.64717088082943
Oodectes_sp 6.12057181992957 5.82440896464906 -4.74257442385909 -6.1853602870332 -2.52105589618187 7.40070134500396 7.6056380500007 0.415899166264388
Orycteropus_afer -24.2971954371944 -6.76274076407135 -9.71758529550084 -6.21249993722461 2.82511581015294 -6.78701927593172 -7.21165194061822 -3.74981278304411
Oryctolagus_cuniculus -15.2781002056768 25.524855486079 -11.6544076658674 21.2731975969085 18.8255642081493 8.4727385605503 -7.78990282552489 -2.37448226760673
Osbornodon_fricki 22.6370787595831 -6.15848721111521 -6.14335434222127 -18.0507429959324 -0.452056450059021 8.56157555153377 7.46312191209633 -1.3274660542056
Otolemur_crassicaudatus 11.7385399343322 -7.95832873822432 3.46727461082356 0.0900739080996244 2.31020815365869 4.33542961741377 5.68155176928917 -1.44033964687884
Otomys_angoniensis 4.13996976852134 16.040465277874 4.80673675624611 18.5566732140411 10.1191774229607 4.915946890945 -0.584823507733092 -3.33628063652595
Paedotherium_chapadmalensis 13.3631214416489 0.850512531667136 -24.2408240129539 15.0770453837936 17.1958257736321 -0.0208687143881143 -6.36975092575339 -5.16165567827581
Pakicetus_attocki -22.6903284294297 -15.8011054531986 1.08723057378144 -5.27410826742731 -0.0225129573497185 -10.5133489489118 -2.17176047575043 -2.44357803894258
Palaeocastor_fossor 45.9770192075637 -20.9885133503875 -16.1918843024732 11.9897752183991 10.5690267816054 -0.51798816143887 9.77714585579435 -4.48183336640896
Palaeoprionodon_lamandini 0.286649378604775 13.4759724572737 -1.07003812101188 0.557402176537943 -2.9836003222612 8.9092150215383 8.61409104304791 1.24691418246133
Palaeopropithecus_maximus 22.7389774927881 8.06478728522083 -14.2994853344687 -10.9420257662972 0.584793023906929 10.974921678751 8.04674660683921 -0.0339801265347861
Pan_troglodytes 49.1993476580871 25.8904433653813 12.5991117560592 6.16253551485662 -3.87847251521869 -3.96512327625859 5.3853450235318 -1.5522663728196
Papio_hamadryas 36.0094219280971 10.8266996441645 -5.00437138405135 -2.7105588882508 -6.70473894106129 -0.182518690355286 2.35956350034495 -2.24641337224541
Castoroides_kansensis -9.40006100951378 -11.2494917585439 -22.4707278064453 26.3082985980076 22.935672704101 18.3820446927161 -5.61634096098343 -7.3395630691573
Paraceratherium_sp -13.938527130246 29.7091126098935 0.982774615292445 -12.6210878335775 -6.50495781500359 5.58512045769101 -3.68867764114687 -0.967841598001451
Paradoxurus_hermaphroditus -3.94418440485555 12.1092574616023 -10.2827414477937 -3.75390518392949 0.851782600504971 6.95715488184737 6.53239534015295 1.38260927450802
Parahippus_tyleri -34.6998917515713 16.8273232962857 0.248156026996603 -0.40757628035806 14.7458848250637 -5.86925682381672 -8.34061463891787 -1.53436726336609
Pedetes_capensis 11.6119691193967 3.15448552032706 -0.619369891145632 16.1527501672267 9.2257828162141 1.77149525638031 -1.33989912092882 -2.07510612326177
Petromus_typicus 14.7016224735196 12.0996777653034 -11.6324266415904 33.1195102097139 16.133571201473 8.36622929918449 -0.836884675025587 -0.252866542047992
Petromyscus_shortridgei 9.10670469406393 4.23130503453078 2.03573252676621 20.0387446152406 7.61844352202222 -2.89007178218824 -0.506794720555088 -2.33012822507583
Phenacocoelus_stouti 8.42287605873981 16.000790209403 -0.287837527494746 -15.0660820740694 -10.7466110519055 2.48073519808914 -10.0905514142055 1.27752984157885
Phocoena_phocoena 35.1373241140008 -11.172127316938 4.37599625187763 8.51679525836802 -10.674401141953 -0.572704858519242 3.41271973314473 1.16680377329779
Physeter_macrocephalus 41.5645488224713 -1.33802474356665 10.0962760502073 6.50787665279666 -4.82069839333856 0.542412583791558 1.809945251865 5.36493142201447
Pipistrellus_hesperidus 23.7195523973621 -9.43974786190213 28.3067532087391 5.34813740393334 -11.3082698995784 6.17200295797694 12.2608668653277 -2.46979996151847
Platanista_gangetica 10.610342234932 33.2065530529025 5.28589284815186 2.72273888022377 -22.454355175805 -6.8563647556881 -3.25606918597166 8.44031729020332
Platygonus_compressus -8.14981819929517 -9.5242173522473 20.0285109788682 2.15699382947341 -20.74810657489 11.944991785173 -2.60383448042929 15.9989631519641
Plesictis_lemanensis 5.39623752249405 12.9157383240488 4.96273421290744 -7.25687557371702 -8.3164169201321 6.10223671085573 9.33292922079428 -0.565835671034281
Pleurolestodon_aequidens 4.61880528354312 16.2732181533734 7.98462662282669 -4.33174583509973 -14.5576323283839 2.84728762786595 -2.93866455552589 1.273706884195
Poebrotherium_sp -18.5758532061393 -2.09249102945681 -10.3706594530279 6.08308285862662 1.5202336361779 1.47893734564902 -6.2737031734265 -3.33440250471808
Pongo_pygmaeus 48.56805702536 25.4028967300855 9.85786993787593 -2.56129040068476 -11.9420179447535 -2.87257834592153 -1.14080654449694 -2.71392912645887
Pontoporia_blainvillei -13.9340677305854 18.7907792898204 -8.19264758052151 2.9683690325298 -12.7215741696317 0.568613503947843 -0.813836495962228 1.53365643679042
Potamogale_velox -20.4478096907665 -29.6451152188528 13.4979948167545 6.29613462582314 -9.05157517222435 7.15645507851096 5.56608064524079 -4.40273840940396
Potamotherium_valetoni 19.2474013381616 16.1437581026652 -0.932475991604845 -7.59765190868619 -17.938055563678 12.0247401389734 9.00013322496965 -2.68062483209195
Potos_flavus 28.5720228529847 19.5226863629729 7.04287682339525 -4.96454272598278 -3.21174575523537 13.0301256762872 11.291273471103 0.118132897886767
Prionodon_pardicolor -6.28685755367905 18.1962402652467 -0.112093306470186 -2.89327173406478 -2.57729646141756 10.3196546523843 8.43137579355606 1.29637204509196
Procavia_capensis -17.7935367369585 -16.7319715611075 -25.4050404406231 -0.656013138506645 -2.70840776291369 3.66516865836059 -0.263736626299026 8.14816797974645
Prodeinotherium_hobleyi 20.789870663267 -17.855913118894 -8.12453535059323 -6.75989042568802 0.229531915230547 -11.5055056397585 2.27655519170208 2.73732339747306
Proechimys_cuvieri 4.52632633840686 20.9646674196152 5.44661659588115 23.0031133597664 11.7591492269233 5.08171146412295 -1.68408033006423 -2.69979730116766
Proneotherium_repenningi 6.47581135280584 6.65684581232045 2.11392925003732 -7.04774656717778 -6.04180073288443 1.15985033920262 11.1896049865641 0.259589168988196
Propalaehoplophorus_australis 26.2906408214387 16.9689377333873 -10.9028695486831 -4.13081580659031 7.09075404479568 2.29051764844261 2.09456849045377 -2.62342931614363
Proteles_cristata 19.3181712521034 3.15700958388696 5.38158946301708 -1.25628101396559 -2.15306081026069 11.3769104732942 8.0359364676352 0.768762870975379
Protosiren_sp 15.3883245733574 23.9554802685253 1.94973842898483 -9.2710947577152 7.32739513978889 -4.91272176002056 -9.13747229266204 3.48552669175883
Protypotherium_attenuatum 0.397158753144094 15.7832688608912 -26.7070287171138 3.55383273761586 16.4866790363323 -7.1535874437236 -12.1611194034316 -2.19045249614521
Pseudorca_crassidens 38.4798928438477 5.29507531546251 0.0102031349939283 7.25051193001372 -19.6676215190057 -1.39875067133653 0.574700890705928 3.28015137552734
Pterodon_dasyuroides -8.41161838345756 0.454221674409291 2.10494235626898 -17.8902750343449 1.91585397585192 5.75390765061756 3.5811772198748 -2.85201835326461
Pteronarctos_goedertae 13.7124133715868 8.76307011881201 -8.10986512564943 -1.35503989478329 1.28940043696829 2.39125324032432 12.3210890187552 4.36478598382145
Pteropus_niger -5.49152486887127 16.355682290212 -26.8452928698992 -0.993560052556486 3.87771125800059 2.39205665687275 8.97925492236133 7.1809055831637
Ptilocercus_lowii -0.0024430007123159 2.62056874797368 -4.5088994349521 5.09205241329833 -4.41441711267964 4.72158397073509 4.01708552688372 1.97841140768129
Puelia_coarctatus -14.1437137549863 -3.45781578705359 -30.1111729743918 -3.46431656462485 -5.61739773273285 -4.54057013728613 -16.4229493310185 5.85616515465805
Puma_concolor 24.5394723788117 18.2299878420875 -3.91244868260747 -5.68044519341327 -0.352192859409076 10.3609260861918 8.8667367703084 3.44056117447284
Ratufa_affinis 14.4601837944394 6.7542710985738 6.2486695333664 21.3645073868526 17.0465001349169 7.11399877179277 0.105245631817008 -7.09276927956416
Reithrodontomys_megalotis 18.0558592440322 5.58477136559138 15.7662781300323 21.3139441644129 2.83708462712263 -1.14599989868758 -2.01566040795327 -1.48563966702483
Rhinolophus_acuminatus 3.05733060505392 11.6087355500352 9.87566755322534 9.24450577483442 -6.56140267279674 3.96233723671066 5.41273319268268 2.27650543215957
Rhinonicteris_aurantia 2.88311769225353 10.9647994163037 19.1532458764048 10.0975485058406 -10.8514656816786 13.6596235347226 13.9042107707606 4.69618028410676
Rhinopoma_hardwickii 16.4617792802177 6.47630159399266 9.40178107315036 12.2223072296115 -8.48082886659546 5.42172847921587 -1.10343669859463 -2.87396624626963
Rhizomys_sinensis 22.8049643139636 3.43567967079103 -14.6504461964161 21.8703417975603 20.2289216842398 20.9437769573741 3.52507362836579 -8.18958785412214
Rhynchocyon_petersi -2.32988860792004 -13.2761333522926 4.1283840660331 3.83072043057564 -1.01850447960366 -7.29596026169237 -0.742715304517313 -3.66737163833307
Saccolaimus_saccolaimus 14.7322511289265 -17.2252785411791 26.5883002089074 1.03322137858161 -12.2509305037665 6.55966689672099 2.55253161105862 -4.31896605204343
Saiga_tatarica -13.6230286561869 2.79012981587275 -0.304055756653552 12.3615320585244 1.69529511213664 3.86755109123736 -1.84447363406741 -1.74376948590236
Saimiri_sciureus 41.9232950189009 11.0639433561179 22.8450624763233 4.45879051449095 -7.02934074244665 -4.09050890672339 3.58805747848684 -5.34036112076032
Scalopus_aquaticus -4.82657203190328 5.23809798136656 -8.22837383319388 19.0679572582153 3.34261657965304 -4.97071151229419 1.71525670815186 0.0313446059632404
Scelidotherium_sp -22.0320384288072 10.7083550158051 -11.873754205137 -1.92130721098311 -11.1042666904608 4.21309525184884 -7.268396567031 0.528210250066392
Schizodelphis_morckhoviensis -21.6934491255204 7.22081317352538 -2.3385238339119 7.76840697808529 -7.76739559723169 3.57723030119786 -0.43534119169085 3.11248755961943
Sigmodon_leucotis 18.1683664995849 6.07978631703677 14.8704085085391 21.0273862794346 9.66393463107695 5.76541555409144 0.879516575303792 -6.26485033255827
Sinorhinus_cornutus -10.2923926959254 7.6121668649884 -8.5849419141064 -17.7106066077144 -8.26547949391049 7.78732099330099 -0.66307019516717 -2.10918732850135
Smilodon_sp 30.6641257568267 4.35490420365 29.6952498713211 -6.17694414348543 -7.82085978457644 17.5924257747778 11.8224089062932 4.76693109224878
Solenodon_paradoxus -32.4025505465516 -24.0562149093382 6.41651088477304 3.85847372609768 -7.07554649581544 7.88855436403196 -0.20134117253024 -4.3218300661924
Sorex_monticolus -18.6913885446234 32.1136584532163 18.9840026039092 25.080552044125 -1.70189152771651 15.958172537359 6.95742819076849 1.91872105513301
Spalax_leucodon 50.2714438903514 -10.2761419041573 -21.3556860314646 17.2007606161896 10.0568331316183 -0.322561568983465 6.80259309465851 0.648844908177607
Coendou_spinosus 11.0765657499879 9.1145339675861 4.82682494897306 22.193414215526 13.7405139699039 7.63496222496731 1.505617962883 -5.18333681810447
Stegotherium_tesselatum -35.4710260309183 -16.2058818459907 -4.46684846236832 5.02775571599087 -1.86294991308851 3.24343475283338 1.87132072429702 2.22611789584527
Steno_bredanensis 6.31652218800677 0.472587801236377 -2.48573268581595 9.10606788852546 -13.5775221929176 0.646798516645042 5.5404698928092 0.0659149640493246
Stenopsochoerus_sternbergi -8.50146317429322 3.03620158557988 -5.92227058627675 -13.8546184730318 -8.83517908341783 1.60641546248967 -5.61466622384585 0.137783982740193
Stromeriella_franconica -2.2356916812756 12.3566609625075 4.44985651096037 -4.68686724101337 -6.22216357471688 5.6460225632755 9.91247682726758 2.52463403001254
Sus_scrofa -9.07184767288891 -5.68665962338074 -9.31581532506505 -0.776434483545403 10.4642944178639 -6.6125436519914 -12.6927295945913 0.0857434297542102
Syndyoceras_cooki -23.9436054044417 -4.35119315587605 -13.9156019860853 7.5727156578086 4.01806915870501 8.41229507644646 -3.98459491776971 2.34886915716269
Tachyoryctes_splendens 32.1534619192721 -3.64004196606242 1.46010930668148 22.7562204698462 7.40203215715981 11.9097009055669 0.977110117824398 -6.11227200487235
Tadarida_brasiliensis 16.0029649480868 -0.0283607732114434 24.0705503500794 1.06359775819039 -4.83786846228401 5.30807361365844 10.766579121127 -0.924484711535722
Talpa_occidentalis -18.4861942649343 9.20088771997454 1.93415273569174 16.7482573487932 -1.59908017199874 -0.653731137117036 -2.71290329973297 -0.175041996257397
Tamandua_tetradactyla -37.5442734406916 -5.72906369525196 6.71167072086863 10.6279528279238 -4.56917765050107 1.17040268139563 1.4133366435916 -0.708829215382736
Tamias_striatus 2.82303041320891 -2.77203540325384 4.49653219620337 17.845042654743 11.7307388383735 0.757021340502901 1.59158450238827 -6.09934878950315
Tamiasciurus_douglasii 14.2702876234639 6.67811539383956 3.20952330622647 18.9031910857652 14.1785470575366 0.560883500484899 2.62568828244593 -6.47009520963169
Tapirus_terrestris -1.30648772308838 11.0906779361179 10.2278232490923 -11.4529566880776 -9.58102773453062 10.8910969008957 -4.64880606907164 -2.26701969883552
Tarsius_tarsier 26.5966096640124 -0.858119387396138 17.7629784999306 10.2684118626735 -4.24202653580751 -2.62294105598662 -2.29458015644233 -3.72085932588033
Taxidea_taxus 20.7137832136462 14.7463855910177 8.58813247117904 -9.18338705212555 -9.24458122813088 10.9951922398159 13.4697551132894 -1.44626436803581
Tayassu_pecari -15.3783896063245 -7.7688233165779 6.74457586156125 -9.79786817527747 -6.01238415032278 -2.60312762761184 -12.4144976094597 11.3179518248261
Teleoceras_medicornutus -9.65648244355083 0.370572703088445 -13.3487868274657 -23.2761226570564 -5.52559582194564 5.45894905589428 2.80579221619481 4.91820247621531
Tenrec_ecaudatus -38.5119641564064 -44.9049662487885 2.57088067402231 -1.22722214319951 -4.02921843484819 5.40819203125012 -2.01209914115583 -7.80936822442637
Tetracerus_quadricornis -20.6850897030277 3.30374074151255 -12.8982427430308 2.16719997744379 -6.23188090869798 -0.517851298961374 -5.04502721877827 -2.7739603918188
Thalassocnus_sp -10.7420293577025 11.8285676176524 -7.16074138465464 -6.63375783838439 -15.8250899053994 7.26449453425122 -5.75454438747796 3.26618515686853
Thoatherium_minisculum -8.55801564551662 1.49519116230178 -8.66085632274972 -3.88700375838642 1.06583201522576 1.64431734634474 -6.2655718308676 0.81913005681484
Thomomys_talpoides 22.749439032293 17.3106529079473 2.76697431746151 9.706088670438 -3.50057152585784 4.79670867900192 -9.19164691817613 -6.54000331189221
Thryonomys_swinderianus 10.1955545905521 7.02540597932849 6.42773689559254 33.3243484914862 18.6154602518016 11.6616454655057 1.39531472819856 -4.95710759250216
Thyroptera_tricolor 11.6439854284241 -12.4292853709249 28.9632734411407 14.2100919500785 -3.05964878454698 -3.22132508514983 10.493917210177 -1.81551549256555
Tolypeutes_tricinctus -16.6977106336568 -10.3289280627216 -2.45520821325063 -1.21754645582212 1.65414385933582 -3.58452013575018 -5.10286514963939 -1.02615713250122
Tomopeas_ravus 27.3854813737898 11.8503242639763 35.5913110649944 0.983296545467205 -11.0203953533797 -3.55522653131042 0.0142256464853715 -6.02274410163938
Tragelaphus_scriptus -18.5579869127115 6.69325095095525 -5.21121200077901 3.24198968261549 -2.10387128562085 0.693344727470357 -5.95361379038841 -1.75574962838305
Tragulus_javanicus -17.9956301733734 -12.7847838997099 -5.97823374168724 4.9134043223059 2.38715856164105 0.159418509552112 -3.8978907219685 -1.8950525283786
Trichechus_senegalensis 27.7665378057931 41.0708679306976 -14.9691904740964 -7.51926218114293 7.48840838735746 -6.26195803325744 -2.45961136581864 11.9404897104236
Trogosus_grangeri 28.0212887932189 -2.16509433102901 -13.6746975729559 -16.9731652275578 6.07540526064641 3.5832686181099 -2.69128901018151 -3.40917513551691
Tupaia_glis 2.27965339923315 -6.65319082972876 1.85973042933265 3.58689682834284 -2.19561707729494 0.527774841541577 2.8180113372069 -5.26010462443013
Tursiops_truncatus 25.64346332189 -11.3342743265489 -1.82608367583603 9.97009389208132 -14.1806066543281 3.96107158791063 4.88759522705319 3.04806469830725
Tylomys_nudicaudus 8.8373289003599 19.1570371556428 13.90212216032 16.5042817515275 13.6429826313032 9.13905171056027 -3.84214468676574 -6.44767123891742
Tympanoctomys_barrerae 13.2537642085786 30.6010617926903 1.48263396906874 23.3507078428794 10.272650341167 9.66826607834016 7.38570356451903 -2.87379511405898
Uintatherium_anceps -12.2677623536238 -2.84623353647382 19.4219952776941 -13.8846961180941 -5.74832068408298 4.71903896064391 1.89739090023243 8.02961451916814
Ictidomys_tridecemlineatus 12.5196190369218 5.61842220428146 11.7208380927123 12.8106461377208 13.5055414076399 4.57506105338239 11.8880307039133 -8.62451233769865
Vampyrum_spectrum 1.05605340849142 -3.57571409361842 17.7151501832687 -2.74224277162725 -4.95030305942522 3.46206979335009 6.19522694582664 -5.28816388272576
Viverra_tangalunga -5.19463661260318 10.9020183551317 1.84658112255826 -6.45877996685343 0.379406876576511 10.1776843194181 8.34352236114318 0.0121864236423397
Vulpes_pallida 2.18122515765225 2.34857684006617 -4.63975160282276 -5.52269064014036 -3.27286292753798 8.1769903079556 11.1654603605163 0.541032991774148
Xiphiacetus_bossi -20.5386507207383 2.55135656744889 0.581829449977999 0.898354411675121 -8.79741069029547 4.03847685462549 0.263273612230852 2.21818595909012
Zalophus_californianus 5.30801614646561 -1.13618686968054 10.2524347171553 -5.58023878918719 -3.59284491879218 4.45395257356215 15.5136200069223 1.11061129966268
Zapus_hudsonius 13.2749390345866 -3.85722027542971 16.6438566922803 23.1654487157208 7.83559482127298 1.01546598913649 5.74428544844032 -3.52656983456632
Zodiolestes_sp 7.74184179317991 5.40633996168625 -11.1657816734511 -7.2922408308203 -6.39285119768446 12.7858636430604 10.3477359087281 3.43441629359546
