Acinonyx_jubatus -12.8685441223821 -29.0316542769075 -23.584809394737 27.6957079515717 -4.17795752064331 -11.490796227488 -13.8208453165075
Acratocnus_odontrigonus -11.2140568996099 22.9264055472709 -24.0651449770091 -7.88624576463963 4.54780038580217 7.39265221721816 8.82440730761657
Adapis_magnus -1.99352807697816 -8.45040060838858 -9.44258843484709 4.05216722450456 6.10430704518585 1.43349233955378 -2.92159607820568
Adinotherium_ovinum -3.64624084305789 12.8889963792483 -33.9895350434974 6.39192262681673 9.0778754330474 -0.499902925540813 -7.61446143289295
Aelurocyon_sp -7.00668791976417 -8.93145977214846 -6.90648052396283 12.0350927661661 -8.29509369361507 -5.70447365828638 -0.984845561200105
Aepyceros_melampus 32.6272322960805 -33.1685477323644 -23.9698573294997 6.07446411564418 -1.03695976256028 -3.28148922459333 5.97627852185699
Aetiocetus_cotylalveus 87.9938937546399 -22.9718112013739 24.1165030666986 15.0532242771239 13.9639551242951 17.7537690506063 -7.65918636749192
Agriochoerus_sp 7.82379052689584 -21.35314089498 6.08075624454814 -0.845054675796331 6.42876751464109 -7.87202580797792 12.4446741798228
Ailuropoda_melanoleuca -1.1911208005271 7.31076920605499 -10.9001181180572 -2.87161673785088 -0.644167922955232 -14.9135482561228 1.57688371358145
Ailurus_fulgens -10.7484460845448 -11.3285854038342 -13.0717369712976 2.89149421965233 0.000663109514399208 -6.36195682508045 0.555104977342204
Aletomeryx_scotti 23.2684373192943 -35.2792427198859 -16.5695887406236 -3.49524802445744 -1.82760141812727 0.796678525047008 10.6943458122417
Allodesmus_gracilis 25.5289906048919 -8.22456483305637 2.39228391623336 13.0158078256851 7.49778475823808 16.3946021947645 2.19017290567419
Alouatta_palliata -11.4681065007698 -13.3435787746052 -25.7072215144613 5.9576983186911 0.745081356082628 -2.52081640621155 0.314631509438195
Amblysomus_hottentotus -11.8661565274826 -13.1866594298336 11.2722784867094 8.58578490651205 -3.2808206425496 -7.75486992888664 -6.17938821431304
Anchitherium_agalensis 29.4257699786124 -3.68533970805686 -8.37872839927345 -2.01237117944305 2.37741129311304 -9.91784140046097 12.8699768213296
Anomalurus_beecrofti -37.5705064827665 24.7297254733289 -33.5157325288863 -9.54318891623018 -18.3991012031784 -10.7098058198773 4.56085105534206
Anoplotherium_commune 26.4312379792309 -17.7836805327406 -0.701121603060272 0.703421498153086 6.72468432861052 4.42626679692511 5.27419124996296
Antilocapra_americana 36.1840397777255 -19.759792235788 -21.16113344674 8.46149052918929 -0.590255437863953 4.32704181373233 5.95650833916324
Aotus_trivirgatus -29.928990206764 -3.38861565755621 -19.4842535287404 8.33476420549565 -6.45419347328323 -15.5449428447253 -5.74446484112471
Apternodus_brevirostris -4.48012408106814 -1.62232490204035 15.5178219380911 3.4230022620175 -4.89234980323536 0.632570416221147 -0.502045172695102
Archaeolemur_edwardsi -21.3934430990466 8.96259633587302 -27.2864942028688 -1.06183692521065 5.82277879288718 -9.71040842212938 -5.49158269942943
Arctictis_binturong -5.69120789051375 -21.5116106803556 1.69539709521302 8.29115874678941 2.92807883857482 -0.57355689192206 -2.93078650729948
Arctodus_simum -3.49178584799933 -24.8779310377524 -21.6220007991067 10.644274804547 -3.42672782045779 -12.7774688024903 -1.8186491270518
Arsinoitherium_zitteli 22.9918020726186 -33.1528507113254 -33.9371648870902 1.7422999995972 2.53549660272884 7.24217359901373 8.91180095210841
Aselliscus_tricuspidatus -19.1846471758253 -28.717050577584 22.1498724791006 17.2786296086099 0.310584183246012 0.189269216850298 1.59964194720589
Astrapotherium_magnum 14.1381770139186 -4.82037812595768 -34.7929377511885 -2.21596486088977 6.98049437430827 11.7618018272011 11.0081762029192
Ateles_belzebuth -23.8642261817315 -16.539908476039 -30.1567699308339 9.14865543296796 -6.59788501835465 -10.6707940329801 -5.02093907496358
Atherurus_africanus -22.9663141219663 19.1107022384057 -25.2359132146815 -6.57920584818681 -14.8913261754732 -3.96817423319849 2.84247621291361
Balaenoptera_musculus 142.552169904754 11.4226482058396 3.18424122988452 35.9941536051674 6.72456355981037 -0.812779370930326 -6.00253374871809
Barbourofelis_morrisi -8.28328280732478 -36.2273962562029 -18.4103801576272 26.8924057233521 16.8883413817447 -10.4992521157452 -11.1028332057608
Bauerus_dubiaquercus -12.9511836788266 -14.1430601822257 9.08470977543589 11.5474859501643 1.535933465889 7.39009598286322 0.794318671250117
Bos_taurus 24.4668067997895 -18.7797554934372 -19.6980716870264 -2.98126677123287 9.26329913627227 10.9468701458899 -5.29612509103836
Brachyphylla_cavernarum -3.00873751992561 -12.9225007281325 9.41134814541416 13.9296979084281 -4.73995025069903 4.66786148038799 -1.11519283563984
Bradypus_tridactylus -25.5852081085841 -9.82838335757894 -19.1949899788722 -5.8260691907452 -9.43017753529575 5.68052688937836 5.2085766142872
Brontops_brachycephalus -5.16580995591717 2.93223988968571 11.2922962578493 -1.43719987875805 5.55582799952766 -6.9192177772303 -1.329098219055
Cacajao_calvus -25.4848826812089 -15.0326359469437 -24.5261412781717 8.47275973312131 -6.38136300036252 -10.9200509001054 0.147291016898996
Caenopus_copei 15.6399204959473 -11.4670108641555 -1.22898690018349 -14.6284500275502 19.9219135501842 -6.55124300904868 4.1430048586544
Cainotherium_laticurvatum 10.5878491454516 -6.58637162307549 -1.4695162515794 10.5568909631467 -7.50744549673345 -3.53850728491314 5.05445824667152
Callicebus_moloch -26.7497776339831 -11.1066274692409 -20.9617566815732 14.3223807888472 -4.44741541057684 -4.02079829381927 -3.63474694676886
Callorhinus_ursinus -8.13244893597322 -12.3963010377674 -8.78165060363869 -5.02854105962875 -3.9513626823539 -2.93424149731033 4.07304298397517
Callosciurus_caniceps -32.3516540518407 18.7869751765636 -23.8460656991422 1.09678404063123 -18.9620493974975 -7.87508061501139 -3.97744881942695
Camelus_dromedarius 36.9044214931978 -0.0962064912837544 -11.8675451561767 -2.86714757451101 4.1374459050167 15.0447057512825 2.06571411680738
Canis_lupus 6.37744019361526 -20.3214909289394 -2.57886392930044 11.9314227033041 4.66874049033499 -3.83602595319163 4.49725922355908
Caperea_marginata 99.9098284586545 43.2452628524421 18.5885566197337 22.8613670349534 4.91862778588305 11.1839613381178 -8.47311699493362
Capra_ibex 14.6652022016739 -20.6354037964418 -21.3563529579757 8.93127710552019 -6.77305738761504 -1.09505661601463 3.15543172164065
Capricornis_sumatraensis 18.6516976493755 -7.72290279439023 -22.0435051832997 8.14302801091348 6.42404922619416 3.82631842419626 3.03651569091457
Cardioderma_cor -21.62818780887 -7.97579897308326 3.79927350564268 14.6834552027616 -11.2830696207359 3.81108375356768 4.36934278564212
Carterodon_sulcidens -40.5072523827651 7.39996912509762 -31.5061636170303 -0.93313850149883 -18.2295161954391 -9.69998124730344 12.3566687186735
Castor_canadensis -39.1815531383499 35.1412930930285 -50.973677243107 -9.28168272417896 -11.0923664045667 -19.1805263138229 2.8232041243471
Castoroides_ohioensis -22.8574665130008 21.4149582899059 -65.8101110225103 -15.4984684120805 -5.51816204531087 -16.607886467334 3.64376577643696
Cavia_aperea -28.6792030720676 31.0619262064737 -21.883744365691 1.48931911072906 -15.7351284470769 -11.9144378294129 4.70103785554976
Cebupithecia_sarmientai -12.4067130363559 -26.3047443237818 -32.9151996094821 1.88806826251602 0.651078396151128 -1.12723578038378 0.714631706167062
Sapajus_apella -23.7919962211828 -6.83894697869601 -30.8036108759974 12.3047598129793 -8.85216627133223 -15.7320058546522 -3.13832338819145
Centurio_senex -39.6642479193664 -15.0854725754676 -14.3529489713613 29.721106371653 5.24166639157004 -3.02108191826719 -15.0028570832909
Cephalophus_nigrifrons 9.75083528925643 -2.58112793270047 -16.4778561815843 6.01861306579763 2.64141420526995 1.15102916591044 -0.274498507297527
Cephalorhynchus_commersonii 72.1808396427292 -39.7109707461273 -21.1872991580352 34.6104129492374 -28.3078409288471 -7.99921676806049 7.10387396613493
Ceratogaulus_hatcheri -26.1184259616961 -0.931661555826251 -32.7393002255414 -11.5833719662823 3.11199773973314 3.63232255911626 3.18850151499041
Cervus_elaphus 19.580851746034 -11.3360476374713 -7.88048199924781 9.00928358820199 8.44087569517221 11.8810688002185 4.86993496974243
Cheirogaleus_medius -13.7420734654197 1.1157253257024 6.11675640735859 16.5733055440124 -2.06794068558956 -6.83661727397287 -7.06466402891644
Chironax_melanocephalus -10.9029194078426 -14.5191100011785 9.38385472437198 9.52720461590584 -2.90650383302833 -4.6938015754722 0.0201897660254943
Choloepus_hoffmanni -18.8496655526664 19.7892610437909 -9.16013996122725 3.39987225524975 -1.72084289207018 5.89916535524338 8.48539678651465
Chrotopterus_auritus -7.89127788658147 -15.1334769788299 8.74632057546916 8.85742407386944 -10.4064317306687 4.4842596157715 6.37093556026484
Chrysospalax_trevelyani -9.69555308301275 -13.9084629885012 11.6823460257003 2.9745425982773 2.71806529638076 -8.12742354403216 -6.33409127675686
Cistugo_lesueuri -16.7929651842571 0.696844236977335 14.2479170006195 23.3488292379796 4.7688136841342 13.6937594599778 -7.75416580473419
Coelodonta_antiquitatus -2.32145511564502 -15.2682499267239 -16.7407043272463 -2.88205037741619 5.85743274655374 0.143668207486483 -0.278106732274244
Colobus_guereza -12.7892629469859 -4.85062221516507 -28.3958304504616 15.493921043612 -2.47855203529611 -6.46836985091067 -5.45636264977563
Coronodon_havensteini 39.814079226109 -36.4143890166892 24.3738161660929 18.8385663327605 -2.68729917639994 12.7047416416698 6.14707458127867
Coryphodon_hamatus 6.79666717479541 4.91864399426618 -8.27790595881443 -2.45399114815904 2.25265095751252 0.535415661504128 -1.00752272994755
Cotylocara_macei 106.552187002416 -41.0466425075385 -24.3523591450508 16.5351538595986 -12.28038719677 -5.190640831829 5.98468679479073
Craseonycteris_thonglongyai -20.5562296828362 -19.7936865766047 5.31406703864799 24.4226781040393 10.1736216140437 3.46563580142337 -3.52199217458511
Cricetomys_gambianus -26.1027544533687 28.1245777129715 -24.5088964349452 -2.02330870657267 -11.0269855896522 -2.32245204362838 0.477449827491881
Cricetus_cricetus -40.3739227826932 27.9699216192402 -32.3066351702286 1.74297123326071 -10.0527879777561 -3.56991734544651 7.33762882252655
Fukomys_mechowi -42.9212124317845 27.8931648756679 -53.247359739421 -12.9983857024348 -15.1651711746733 -5.0894125793368 12.1171551820381
Ctenomys_knighti -26.5494719017269 11.397844276506 -40.9593717923823 -3.66162110748382 -10.95234935737 -10.7231707579068 7.10654546605015
Cuniculus_paca -22.1995639563127 17.0002572517795 1.31098606764672 -18.6574479546211 -1.3016811006947 -8.43803887634051 4.84089919554367
Cyclopes_didactylus -2.78225738545237 -15.1416120008147 29.0011445595698 12.3509227921274 -20.0054800033685 6.32645073254873 0.75037514084006
Cynocephalus_volans 0.3752517237808 -13.4500863150361 15.1283687706642 16.4247696544805 9.9369428449615 -22.3279138895111 -7.53845126584319
Cynomys_ludovicianus -24.7093078298683 22.0890344372409 -11.7496864070321 1.33053075889771 -11.3299746861848 -5.09096980482887 -1.76413144419233
Dacrytherium_sp 15.0819846267499 -20.1528144029057 2.36039476121756 4.80896688109402 5.44493893036074 -1.26752499989448 3.78932421211643
Daphoenus_vetus 3.61200959651887 -17.4419981148631 2.10577215343664 4.01218228572706 -4.423798229459 1.05146354668934 5.99412326684029
Dasyprocta_mexicana -14.873099252652 4.65077667653617 -15.9169582091537 -5.78818607770491 -10.1833542436477 -9.41690810602624 2.76387472469589
Dasypus_novemcinctus 4.48159082188466 13.1733396748567 3.20656154055175 1.72898593546722 -3.31215728514558 24.3422287986093 -0.680150343541986
Daubentonia_madagascariensis -25.5750152490832 -15.0091773108778 -33.2948610461317 3.80759438644292 -14.0523820969688 -6.33613671334288 -2.15398880628064
Delphinapterus_leucas 68.3667448397647 -52.3420185450312 -25.1589102779576 54.0301084213451 -25.1865661294958 7.56882949607543 -2.20985846369254
Delphinus_delphis 87.050908031835 -34.4655097480679 -29.8845723915791 27.375042305021 -25.9128848137939 8.77523589407908 23.3378433836782
Deomys_ferrugineus -37.0082083532499 28.5213858246919 -12.3338581445976 5.11659720282314 -0.998549572604917 -4.97137932522136 1.46938060262008
Desmocyon_matthewsi -5.97248521623136 -10.1026910408242 0.84195100607754 11.853763042278 -2.9864304163915 -8.03223486407531 -3.23969434535635
Diaemus_youngi -35.2540697560878 -21.9873098935502 -14.5745690664645 20.6937053280628 -6.9951062886227 14.7355113624893 -0.383163644335587
Diceros_bicornis 7.25980804685983 -4.26742706644374 -17.032019466313 -9.29988721460962 16.3639987510033 5.31771092152886 0.111352580738475
Dinictis_squalidens -16.6195339050621 -10.6415895786613 -20.0711578052399 13.9402551143318 1.4125717277439 -13.7333876284987 -7.15902129164995
Diplacodon_progressum 3.49910575799323 -8.7313289472271 11.1809619783008 1.1318073163238 8.35260102332386 -6.40955952404299 4.4465326371859
Dipodomys_ordii -46.6951996755923 27.2320946070732 -26.7438171138682 -0.88556676324004 -14.3960049513848 -6.94909150867343 4.28994571151943
Dobsonia_moluccensis -1.41495972436771 -2.33263674200439 4.116064617366 12.1929472203014 -3.01233416536685 -3.32695240705196 -0.882524611559634
Dolichotis_patagonum -24.993780210788 -0.104251636370821 -14.1295628120282 -3.11102729837613 -12.8462895828804 -18.9089144024538 5.81070838825602
Dorudon_atrox 38.9794502778249 -28.5701958303332 29.5548549144884 5.23040033812408 8.26860196417559 1.26130648240959 -0.438578024330097
Duchesneodus_uintensis -7.19677328818888 0.75130952734646 12.389680180509 -3.45091333722724 11.9690417342498 -2.40768625536922 -1.17756030531322
Dugong_dugon 35.0638806713064 -0.220957628692989 -24.7276209977642 -4.30878421098572 -8.15481638959646 6.70342872871102 5.13777512596121
Dusisiren_jordani 48.706007966668 -1.0865809846915 -9.43370269300835 1.74161948471239 -1.335584473837 6.2108354155895 9.54195631124863
Coendou_rufescens -27.5428153359196 20.8733939983057 -37.5888444766865 -9.54852687661653 -11.7149750660949 -10.1801495178561 4.23866128149203
Echinosorex_gymnura 23.1733557471665 9.77618228567135 11.3422122400214 -4.72137008263955 4.86097430376896 1.48105392806633 -8.42615620814605
Elasmotherium_sp -2.36673912003337 -39.2550739681671 -7.72077043262261 1.38489269541566 -5.82029785531181 18.8639456572417 3.44844644130586
Elephas_maximus 14.732793747785 -17.9290463090287 -58.3685056936453 -11.6465901222997 -4.03254188727899 14.3273679072461 3.24896068326502
Eleutherocercus_tucumanus -3.27279621465795 12.809576437927 -62.2866142277021 -21.4312285274373 27.3151764328082 8.81945850055802 5.13194636147218
Elotherium_sp 37.3770718025448 17.6767489482385 15.2023840031569 -1.15156186564167 -2.25064464596766 4.39765383924286 1.00219132175075
Entoptychus_sp -42.8322597373467 15.8535658404076 -37.2060315986734 -15.9377939709686 -12.7023736958738 -10.2458092242907 -3.37653770301613
Epimanteoceras_formusus 14.0908677009758 -5.32694416568318 13.7886006158731 -2.39165271456937 1.94260639700968 -7.25665861469439 1.11982021570176
Eporeodon_meagherensis 10.8315457079505 -11.3735918714145 -5.84491012357723 3.99268513073344 4.82631900492729 -2.85884717460849 6.42223424869047
Equus_caballus 40.9554072675023 -26.0122842311495 -14.8761514323137 7.55116061847762 9.67809118472227 -8.00565462407794 11.6400926453431
Erethizon_dorsatum -21.5551151194142 19.8680377247307 -53.19347738393 -9.08387121921858 -7.45693683560771 -19.8579536706802 2.54166148676613
Erinaceus_europaeus 10.2871880214412 0.968531709456006 1.17379183716714 4.77926496890275 6.14686564858421 0.0716712667066402 -8.30431147879525
Eschrichtius_robustus 132.423146515963 11.9119476124727 -3.43453123069911 30.6976217285283 -19.7270814800253 -2.2602517443701 -10.3506824889387
Eubalaena_australis 101.728443891817 46.9759128418675 16.7532240030359 24.9323240571663 -0.310620045377941 -2.65594770032522 -23.5127817580666
Euhapsis_ellicottae -41.8912165922342 32.1640577838296 -67.1261131101124 -12.8284236686524 -4.51634539156171 -17.6070404694501 3.13082111224007
Eulemur_macaco -2.12608882380448 7.99430171277266 2.56277235058604 4.5997033347908 5.80524870292224 -17.0593102573637 -2.05489790228317
Eusmilus_dakotensis 3.11541859797974 -20.1793784618875 -23.3421000735509 19.2105781353265 15.7197288995078 -6.40317109217245 -3.74122791589729
Fossa_fossana -0.0194109454583104 6.46326243175344 8.10856294435934 3.20427801058314 -1.66486265190478 -0.768483779961766 3.40718664534044
Furipterus_horrens -10.9029092768184 6.31857226518029 16.4484794813656 4.87592692223245 23.9680659129504 1.73205955560301 -11.2195352532456
Galidia_elegans -10.1142080487628 -15.0631443604779 12.3277874512652 2.1338038085875 1.04341948520637 -12.5650651231444 -3.997371170171
Giraffa_camelopardalis 1.45151873316887 10.6780723069959 -15.0373835946829 4.19194525117178 4.14400205144116 -2.39542611582745 10.0168149920845
Glaucomys_sabrinus -30.8113127908947 23.3621521819313 -14.1635286057504 -1.66915944376605 -14.0598991805801 -7.15806870739987 -5.00254829922201
Glossotherium_robustum -13.6781498461081 -11.4829706962087 -10.1908999207407 8.41430212236764 -2.69290361924423 6.33715953865835 1.41412364385575
Glyptodon_typus 9.10595835254981 15.470150311226 -78.1140202917042 -23.5055931265729 33.6741674319186 4.84041445546441 7.2421538583581
Gorilla_gorilla -0.870636628290784 -24.0575714954847 -56.9875727401137 7.30369530549522 0.981007553838267 7.41659914635234 -0.620360991515845
Graphiurus_murinus -33.7135647295171 0.246519939642657 -7.47864883278178 -3.71460416541601 -10.0019923400141 -12.0430023977403 -12.3217012523989
Hapalops_elongatus -6.33454843496716 -3.24699067371404 4.78677190984315 -6.01570786946238 -7.28593971025886 6.74276828140326 13.2075209487313
Harpagolestes_macrocephalus 17.3252602060624 -18.0367327012597 13.3251326458822 6.28347343902107 -10.4581652958355 5.34954454699812 0.0281223139774016
Helarctos_malayanus -14.5306319988886 -13.0054922049601 -10.6167777629776 12.9026435405209 -4.01267167326779 -0.916706444202406 5.00702218674552
Hemigalus_derbyanus -0.567523415605898 -5.03445718586295 8.49231907785247 3.58944174767644 -0.0813237026383127 1.79961957172337 3.09020475740322
Herpestes_javanicus -17.5913043064249 -8.14632212412171 9.77182515594719 3.25736743148162 -1.58088726057863 -6.85518159537639 -1.20355223534431
Hesperogaulus_wilsoni -39.7593145559983 17.5496373870931 -20.159201888276 -3.5296092385388 -1.93538075970081 -2.47602221886599 -4.63925883539634
Choeropsis_liberiensis 15.6113707495224 19.2795800381015 -29.6058905589344 8.21762558440857 -10.6870711506892 0.714060687734919 10.2599239259663
Hipposideros_armiger -27.0611082835504 -2.32145948856767 17.871532967702 20.4860918033821 -5.43351673116902 3.57049787981909 -3.67312659142829
Hippotragus_equinus 20.7502548965384 -14.3986637645426 -11.6253748471359 3.95188178379924 3.07887475690941 4.29432985909274 5.94232430093798
Holmesina_occidentalis 18.0923158369788 34.2173033584632 -11.8366619409912 -9.13460929525866 1.80774522905465 7.37213818880897 5.40610930880759
Homocamelus_caninus 51.3443319792781 -17.372345694606 -1.37722024151204 -5.3403074931472 3.18837190698486 7.43454882310706 0.898668734406061
Homotherium_sp 1.82450103676946 -29.5029282722539 -16.4170334415301 23.8875935970744 8.25225495288039 -7.54688060583062 -9.61155534603776
Hoplophoneus_primaevus -7.27934099316557 -22.9072670436729 -14.9511480700063 14.0861549534194 9.83962370875279 -9.67895968727063 -6.98247189124466
Hyaena_hyaena -9.44949800699174 -7.0275046029457 -6.64362476916351 13.4823967537981 3.21722686246987 -7.67368384627664 -4.49403570053547
Hyaenodon_paucidens 9.60427909067341 -0.268444773372124 11.6859773079087 10.9708277221925 3.85956178461037 -1.34507898367037 -7.91031441651283
Hydropotes_inermis 10.3503012817286 -1.69123234558575 -15.4708162899301 4.43710046900852 6.18620840796241 -1.60228443837183 -0.149940170182626
Hylobates_lar -22.7168476713702 -12.1013332095627 -30.7186008868355 12.598269601235 2.52103787466429 -11.4185930766254 -5.72227838782202
Hyracodon_nebraskensis 14.1137363256081 -5.0100684942323 -15.9215254931005 -3.09882613753994 14.3117724686994 -2.23060810454546 4.78322182087703
Hystrix_cristata -7.32293330282774 -4.92524810761055 -49.2683425965536 -5.40292021553382 -17.6089195984352 -10.6416691947157 5.03135721298768
Ictitherium_viverrinum 2.72883775930369 8.6774020271655 -3.77540465044455 5.68402068963264 4.58912064108596 -7.35383068602711 -2.93780011986487
Ictops_dakotensis 9.18090227381506 -2.60605474881875 16.6981311557859 -6.05073646209902 3.37099020410958 -0.837112659650967 -2.79447583322516
Indri_indri -10.0930915678523 -16.5576542314708 2.95919997505021 2.13625132796322 7.71738282048427 -15.9623782756193 -6.31982015100074
Inia_geoffrensis 126.001666043638 -47.8508691900125 -19.7115593245255 14.5038390419578 -32.957277504807 20.2331141115502 3.58626022814429
Kannabateomys_amblyonyx -23.8430936744956 26.4823831559022 -44.2454068407394 -8.52984289102093 -12.4182392369431 -11.1758640936726 12.9423988572205
Kerivoula_minuta -8.31278029694236 5.21526956357239 7.68054263943467 16.5575489762828 10.0521871714191 20.5987149421198 -7.2475240477573
Kerodon_rupestris -27.6083416618206 23.8467485209756 -11.8497012539234 -0.515938568719832 -17.0064605729337 -13.4740631344115 5.22461964181641
Kobus_ellipsiprymnus 29.5626100504052 -22.4389197058209 -20.0838116643744 4.37879152574843 0.230408041997644 6.23487394120408 5.79524192306306
Kogia_breviceps 57.5222375230785 -44.6101744693657 -0.785307024612027 42.2017625778913 -6.28941822901052 8.40181572105326 -5.10833869104556
Lagenorhynchus_albirostris 31.6602578540083 -44.1011844579564 -32.4750735249882 52.098005990024 -21.5726919239619 10.9701841440612 29.7827495308251
Lasionycteris_noctivagans -19.4855817233111 13.1298543635153 4.89188835403176 17.2184994561338 6.75991607935616 16.8219158690287 -7.77153783300287
Leontopithecus_rosalia -30.7613630545637 -4.51368094811204 -21.4671330476119 11.301665023623 -9.41585664797594 -5.43310610643945 -4.52379361015037
Lepilemur_microdon -10.3885961688623 0.623816595450579 3.37057151004604 13.5951738985362 2.07763874034524 -3.13437820788698 -1.89766200333535
Leptictis_sp 7.30048371906464 -0.976638822849549 12.607971317052 -2.32789421896419 3.64862147988666 3.15688051062253 -0.783434154501679
Lepus_californicus -22.9859963649706 -10.9364531203742 -18.2775291566911 14.0603172926336 -5.52843835296091 -5.78128129121703 12.460704683627
Lontra_felina -22.0371594698435 -8.14694674310567 10.8920193223699 4.62392424998826 -10.8773647506194 -2.57072464134436 1.16722117474614
Loris_tardigradus -25.9254200674876 -0.107647771143148 -2.90390959620352 11.1526513700935 -6.77157223160529 -8.31274338911485 -3.34702233055706
Macrauchenia_sp 66.2116169186245 -40.7744383450966 -7.85961831826807 -1.00199222805783 3.30849735355537 0.712819074503543 6.34963140431331
Macroeuphractus_sp -13.7918525937672 27.26341703504 -23.82098499553 -5.93961809319412 1.20254742072353 5.05711308292496 4.28196472658048
Macroscelides_proboscideus 0.302039415530348 -4.4263453581728 3.64928791021278 3.48606445280979 9.25760197256557 5.43977122907375 -9.29306938885196
Manis_javanica 12.1972890230439 -3.96178350303104 6.11220849295472 -7.18780331454389 6.12291427075547 12.1613872189226 1.37995676895871
Massoutiera_mzabi -30.286779653293 26.8573996470513 -14.6592729801575 4.64230891236517 -18.3903349509411 -5.65115830101645 8.44866378811574
Megaladapis_edwardsi 5.41936802920503 -7.2346160688443 -5.88879296570213 -8.16983280157009 18.2270948219156 17.2636166944861 0.688589960088506
Megaptera_novaeangliae 102.071653368427 21.5467886072723 10.0391459132474 40.8607819392276 14.7718220009126 -2.11493078578238 -1.71420583414895
Megatherium_americanum 0.137711605989773 0.0514673526329902 -35.8003240469913 -20.3633101105588 12.4007337176002 3.85367205027367 4.17878982277029
Mephitis_mephitis -17.8644183272101 -18.8560932004489 3.06215025041699 12.5311778903916 -2.35084720267429 -7.96981238096855 -3.60316295753702
Merycochoerus_proprius 30.2863639271554 -4.91182256891635 -9.63801018012714 11.6820296472493 5.99777372902883 -6.84296124121969 2.68510551211503
Mesocyon_coryphaeus 3.1532396555813 -15.2408450088636 2.13612108743565 5.74590149795023 1.70702499720813 -1.71860314342242 -1.03518689280553
Mesohippus_meteulophus 42.2714150457078 -7.48000646643972 -3.03335314322207 -3.47149494291845 4.31822517275208 -1.1384529646382 5.10115557628839
Mesoplodon_europaeus 69.0903018185307 -37.7271993913223 -32.0343392876844 36.0535759473454 -26.1274961350889 1.35632274807761 18.5247855748997
Metarhinus_fluviatilis 15.9023120619979 -21.2406036977801 8.48765166994855 -3.50907978551939 4.33087976696404 -4.49862369259562 0.281621928935591
Micropteropus_pusillus -1.90024411805926 -18.3531295777492 13.5388667534256 18.0010675405759 -5.24484113115664 1.33009293817054 -6.98957239878883
Miniochoerus_gracilis 10.5458427553969 2.40183386352722 -8.73982388911291 -2.5315737863844 5.46434241492897 -6.05279178988515 0.238041713009718
Miniopterus_australis -13.9620846352594 0.859922955716449 12.6969916093725 10.8159367237098 11.3359599108635 7.38837292402951 -5.51347084066106
Miolabis_fricki 50.4105547444114 -17.0602172291932 8.08111460955115 -3.36105876820101 0.586893953337017 2.16278888962023 1.42769284663528
Moeritherium_andrewsi -16.8718981128659 28.5807840503889 -30.0668761696043 -5.35764304264633 8.88966842433393 1.91903952084173 14.1600750663253
Molossus_rufus -22.2890398302248 -0.876906476269781 7.94549162622251 17.3514977564224 -2.10175495309554 3.51119527663937 -3.67983033501718
Monachus_monachus -5.79546642464063 -17.6067621906791 5.49702858718601 26.4854587942755 -10.6784633138244 6.48316627200515 -4.14730100613974
Mops_thersites -10.724325478328 -3.96668745148309 -0.964708323197992 14.1940251457043 5.00547870631833 6.64612409130432 -7.42824613548095
Moropus_elatus 18.864562671711 10.0044045319615 -8.68618639779239 16.5947536985632 -1.1389000431851 4.73329101154912 14.7733355589605
Moschus_moschiferus 20.001176735443 -9.48634776066763 -7.72982908329125 11.9302805563927 7.28815300799459 14.3225928343153 7.80460757090776
Muntiacus_muntjak 9.93676515988232 6.6029121503885 -12.651770782132 9.75266176237054 -2.60999279659744 5.27143550179718 4.40556027836402
Myocastor_coypus -28.0818722115935 3.32920279394176 -50.397558302943 -3.1416208919118 -19.6971559301728 -1.03453684852016 13.3826148096233
Myodes_gapperi -47.1614408516996 29.9202056288493 -30.5050327397051 2.75163512640192 -14.1044582596568 -1.18572494534982 9.96355904718745
Myospalax_psilurus -38.7697448753771 21.2375298489574 -48.4665137886535 -5.83477177071916 -1.40351947360783 2.81784270773451 6.28508829473103
Myotis_vivesi -11.0406956844546 -1.57711930359299 17.8858054578024 8.57771590481776 14.664865425507 4.28677262571544 -6.3785608370757
Mystacina_tuberculata -6.06152098736736 -10.817821734935 8.77359666927597 7.64842655677829 3.42509381574912 8.1206394824111 -0.0427364447692684
Myzopoda_aurita -17.1379669897444 -13.5332933618167 5.00441885419429 8.53970474125899 8.39760139772961 3.59589269503173 -1.17467897461166
Nandinia_binotata -2.98572201502044 -33.6655565457196 5.69497115520532 4.51751731237977 4.99720028704637 -8.55617204934951 -3.79629944938518
Natalus_major 4.24601825269829 -7.46073620544799 26.3006413587811 5.80508867100126 11.2845788537315 6.21082750393158 -0.836544838918128
Neofelis_nebulosa -19.1056914555506 -18.1142349617195 -7.39886910081354 20.9476209934346 -2.53982796739171 -9.57820387283694 -6.9191364368522
Neohipparion_affine 47.5671327441247 -24.8022458837676 -3.92672359932584 -8.73932243172323 13.7208888574764 -6.69278149709952 4.10750501316904
Neoparadoxia_cecilialina 23.6595199636969 12.0668744623099 -7.9740425177136 24.8895825288665 8.78251673771322 -3.64854909818373 -1.93021098080705
Neoreomys_australis -35.9756605035376 -4.34574816048838 -35.5730880719015 2.70567656509055 -23.4777239032406 -7.86121220574073 1.89528042518962
Neoromicia_nana -18.802435019416 -4.04050251836654 15.098695863042 16.9617736188847 5.27787975367587 15.084425554628 -8.13477178736893
Neotherium_mirum 11.3813149747399 -31.8150547332731 10.2576369385685 9.17623279727442 1.41161061676501 4.68803873512249 1.65579080004885
Neotoma_albigula -40.7358300862712 27.2029278308614 -25.7052057418057 1.21002749646818 -8.65122109547054 -9.84059251830979 14.0782069848462
Nesomys_rufus -52.9743083714586 25.8500474389803 -16.3723197784162 2.86419337813813 -11.9246752404733 -13.7851140855379 3.02008177873185
Noctilio_albiventris -22.9690665503163 11.8264929709706 -0.12581101954266 13.9467900150545 12.9782253796605 7.02049299023613 -8.76118334941472
Nothrotheriops_sp -0.586272115230158 -8.87514825080105 -5.16827952817825 -2.13398620391895 -10.0184734346101 7.9752511133622 8.33779459428803
Notostylops_pendens -6.06220314097886 -3.72122577901179 -15.433575454916 -4.51032730899632 3.27376851430538 8.06368761218355 2.03107092934803
Nycteris_tragata -26.607348837581 -22.8451005383888 17.7101814283381 22.3002562520438 -0.389528541907715 -2.6320075190901 -6.22086418047075
Ochotona_pallasi -18.5739361416677 -12.5030754449566 -1.15113187672546 -9.52891374591215 1.3619846202944 -23.1976162011619 -8.784642620856
Odobenocetops_peruvianus -39.1094482515271 -74.3008770808819 -29.5168912042075 2.26714082818173 -29.2355563231805 13.3950391040699 3.13976998423108
Odobenus_rosmarus -16.3408649286376 9.63095683078355 -19.4847657070059 18.510694453349 -13.186601564149 -1.31528294544012 -6.27353319351107
Onychomys_leucogaster -45.4964372272199 18.3813741306826 -21.6635927363487 4.25250526330147 -12.1962143366763 -5.16990857360707 3.04566592157582
Oodectes_sp 2.29052090680545 -17.6854376134233 1.66928924208262 2.79139247414958 -0.589489722788467 -2.00565077622516 1.12946319304179
Orycteropus_afer 27.4952542855497 9.84055319413662 0.0984689822420981 -2.57383212464495 12.1988672170859 10.186253029475 -0.657296676745628
Oryctolagus_cuniculus -31.8723945900053 4.85899792739335 -14.541866753324 7.7591455805386 -8.92750741600865 -7.50214914375903 6.28167744812157
Osbornodon_fricki 5.72223541708569 -10.3608211929802 5.02633731944062 3.21157021662788 2.41538549061914 0.419970481200258 1.16132338190657
Otolemur_crassicaudatus -4.84678424006319 -2.1784500426171 6.0902883488042 9.40072864901907 -4.33754418512257 -7.26118223140272 -4.67098692083742
Otomys_angoniensis -36.0429712917932 15.6744703150956 -50.381659419426 -9.65676544107086 -7.544447454322 -2.55154176983087 13.5264293796173
Paedotherium_chapadmalensis -4.09384613715025 8.85509399432237 -13.5655422929673 2.90467764030599 -1.53032067800017 -15.4458421709283 -9.75364020481161
Pakicetus_attocki 38.3030229360359 23.8420306824797 -5.67819880175816 -2.31856983391474 9.76065229862939 0.271267840996451 -0.709075993141245
Palaeocastor_fossor -42.4879095262024 34.2218338242565 -50.3197645327048 -15.7131631868986 -0.663514863893068 -12.5384135732067 8.69218730121002
Palaeoprionodon_lamandini -5.39132204944178 -18.6300986517644 5.03449113722971 9.61195957913815 -1.47507796948619 -2.27373302959409 2.65948570926667
Palaeopropithecus_maximus -0.843037596860719 -11.0646874510191 -15.7988624921511 0.332779039854556 12.1416942145075 -9.39193686395907 4.27910823676016
Pan_troglodytes -7.85399456012287 -12.2102382742467 -51.0509859609061 14.2389728211471 1.68881677557008 -1.87681997623786 -4.04999483109931
Papio_hamadryas 8.48197556335267 -23.0218659981521 -38.2407197328734 14.4113185634643 -11.1831537285233 -8.00073809280683 -2.58091094069121
Castoroides_kansensis -20.8895656296043 16.2735051253733 -67.7425492966603 -16.3800442870451 -6.26645494830995 -17.5794550243792 3.96497284281602
Paraceratherium_sp 15.041315035024 6.32273727231979 8.15056374782587 0.847499999035466 -2.39168225402358 -4.16899642402671 5.70906481762792
Paradoxurus_hermaphroditus 0.403764597575515 -15.2699451319652 13.7706374469417 3.66931743754829 3.84571390115934 -6.17388557446922 -0.601860797848355
Parahippus_tyleri 31.6200380647954 13.5846079288867 -13.4914978242444 -4.67656753589673 1.86219085485985 0.277341461714211 -0.159219440734918
Pedetes_capensis -25.4660180258774 20.8218343732204 -56.7707001566408 -9.42427921678504 -3.16457722417798 -11.0572359779568 -0.516357854670982
Petromus_typicus -38.4475462247764 35.282850852389 -18.7446955416373 1.65357171197606 -20.7798347897337 -1.98131647632954 8.73835284448774
Petromyscus_shortridgei -52.659870350522 28.3424232347097 -15.768320139153 6.07007498178976 -11.9058539966294 -5.77319608629773 10.7426545664041
Phenacocoelus_stouti 18.3602410182096 -12.364756740183 6.45979141581614 9.72743113707105 -1.23717540810647 -5.63418196401641 1.97481682342617
Phocoena_phocoena 48.9358443847488 -55.8414358737486 -15.65948530937 36.7119097500818 -16.5375576751246 22.412238902187 4.43792655063883
Physeter_macrocephalus 126.379714919691 -4.41808174304804 -9.00712029632341 18.6140552292867 10.0086302205789 -5.40668670708969 4.35044547284008
Pipistrellus_hesperidus -20.2514455203382 -2.19742888069105 9.42695526076985 20.6098486073727 11.7109198164204 9.27486359683879 -9.76757936883825
Platanista_gangetica 147.812993043799 -13.2699310574943 -26.9229842603663 9.92539836442271 -14.3946029656215 6.95050938582858 3.38403805943957
Platygonus_compressus 38.0655807371486 -21.3351075038722 -23.8617932644038 -11.4240443255401 6.11349790850746 12.3114944440379 8.17155814172363
Plesictis_lemanensis -9.68808292270817 -3.26158257952676 2.74967462052319 6.46596351614396 -4.88950563646328 -0.425592846062194 -0.822708641352972
Pleurolestodon_aequidens -1.7919024338259 -8.5005885457927 -15.3905374870356 0.462790551372984 -8.06390649349403 1.79272286549733 4.18436113257436
Poebrotherium_sp 26.3710927803946 -14.5626545239324 10.7023622934201 -3.8088395272169 4.03161340500806 -0.625834983783449 0.439830249552814
Pongo_pygmaeus -1.66395206859979 -40.1603382275876 -45.7426942231545 9.65440636711139 9.53521928516542 -0.679809372886726 -1.53866485534868
Pontoporia_blainvillei 164.225004512002 -71.7565200791661 -14.6593470217598 4.16236916446045 -24.138889539289 -4.42786966748266 10.4476842919985
Potamogale_velox 13.6856782104778 -11.7375545996728 23.9974468561411 -3.57885420450101 -1.88369886297501 1.48684807126289 -1.45837174082807
Potamotherium_valetoni -13.6744147762647 5.88012571950205 -0.484152427590473 10.2927397395216 -6.86806165028555 1.7623778788865 1.72694812803543
Potos_flavus -18.9563352039201 -5.89844215740689 -11.607509901943 8.83552323032546 -10.7798806312301 -2.16789142937938 -2.25657225019431
Prionodon_pardicolor -4.64881815531196 -15.259206157447 9.61338541181804 4.21637664063669 -2.95848101080189 -1.11117342671603 2.7519133251925
Procavia_capensis -12.0574274306744 11.4471070645993 -17.4978048459624 -3.5364988823838 10.8197218544401 -7.43599420420117 3.89038277320046
Prodeinotherium_hobleyi -16.1097592701265 30.6757206186614 -25.0766750985734 -14.4839448186375 16.358411662531 9.67621436482307 0.361369281446752
Proechimys_cuvieri -36.6766597598078 18.8382256913391 -16.0358750224893 1.29732294536487 -15.9475171641303 -7.46145081435206 9.1701412701535
Proneotherium_repenningi 3.94923843230697 -24.7589339052623 2.06042986441765 7.8458633331808 -7.8913513762125 8.12423982533657 1.09381943535659
Propalaehoplophorus_australis 1.54402284253475 24.0973734477165 -29.7433829147885 -15.6004446073384 16.1497187326579 1.40049790789307 5.32971658354639
Proteles_cristata -5.82104272332142 -5.52285308068543 2.25823317341372 19.1714255957492 8.36441313885663 -0.130552173762996 -8.70885742154577
Protosiren_sp 20.3651966734264 19.26718786015 -18.4392451500928 -1.45211230095332 -1.70764467277852 7.27918122258232 -1.05605217396756
Protypotherium_attenuatum -10.8527798228014 10.0834969331854 -10.0743534812685 4.79148512646035 8.30064944411476 -5.19322245696705 -5.74066722701181
Pseudorca_crassidens 46.8259432591349 -54.2573483771516 -23.329570173842 40.9022855860373 -11.0013871020101 19.6798471386867 8.06634773746665
Pterodon_dasyuroides 2.8930773949977 -4.41170650835027 12.8481849644335 11.3147406572923 -1.83398049441073 -3.76168351972189 -0.0354222807732708
Pteronarctos_goedertae 5.75692858924194 -18.6863142961511 -7.85724533850715 15.5700462625066 -3.34022803729679 7.13654987722831 -4.36059583529432
Pteropus_niger 9.61194313655789 -18.1973087488096 11.4150515012408 7.89600703799962 -2.85580061077279 -11.2943383535339 -3.4719796662856
Ptilocercus_lowii -5.79009845005953 0.937433137125954 19.1288968472612 1.49244444616531 -5.98431399512977 0.985255933904462 -5.0303581778855
Puelia_coarctatus 3.66872000975404 -16.7926645619073 0.744710478361516 -5.09170912921672 12.6068556751917 -15.4213052672677 -0.999366145198482
Puma_concolor -22.700239488655 -24.3269473534875 -10.9090971122508 26.5903109267923 -6.46879435991217 -10.9234280751573 -9.09658975114531
Ratufa_affinis -38.7091995467188 19.1862449930709 -21.6374814677454 -2.53707932546922 -10.5179722547382 -15.6682440073491 -8.25915184616724
Reithrodontomys_megalotis -50.2940152466427 25.7026004443176 -26.427778846197 8.9687087248923 -11.6192582262886 -6.43261765292528 8.04195991047987
Rhinolophus_acuminatus -25.784921664559 -20.8675859171276 12.5694437325215 21.3765917779673 -5.60198099879448 1.60479075822914 1.67767193272697
Rhinonicteris_aurantia -25.2608343148312 -25.3221913630817 7.88348599736688 22.1925276769884 0.301033765414113 4.13704933728578 -0.720693194162532
Rhinopoma_hardwickii -15.3027031807816 -18.4061510498653 13.4359525398309 15.8045295662068 5.65959369876429 -2.59246571213564 -2.19597873557362
Rhizomys_sinensis -30.6454804027835 20.5888695120806 -53.369553168037 -3.84033876214111 -3.94312404061212 -13.2937114389394 6.61129990113521
Rhynchocyon_petersi 10.7587872091671 3.83122073643034 15.2653741740483 4.41192841942298 5.24790280417217 -4.2929529848181 -7.22744888926652
Saccolaimus_saccolaimus -8.14569681150833 -12.7421152215146 9.02428921035291 14.4255980749229 2.59536019336983 8.26779222267557 -2.88950813375124
Saiga_tatarica 46.1465799097842 -25.3810078843652 -26.4801425531763 7.54850076856258 5.59803455884061 7.89189055993341 1.91713095729871
Saimiri_sciureus -31.9330568812192 -14.0788695854481 -28.5904023593169 13.2538662913907 -6.81412663596703 -13.9608176086276 -4.75416204974227
Scalopus_aquaticus 4.06093930432979 -2.9947717696584 30.3917781766902 4.66102470112509 3.79688825441641 -6.00686153918891 -4.33473184616547
Scelidotherium_sp 29.7702753931133 -26.75283505061 -8.95876561296749 -8.14888303142459 -14.5083343984847 -2.1524566897735 9.89628322863312
Schizodelphis_morckhoviensis 191.217636524118 6.39236400304271 -12.2495889801083 15.9041393522061 -22.1968986232066 19.3210391562642 3.67458324137103
Sigmodon_leucotis -37.2893071316819 18.9330681417489 -33.932707801241 2.05423900505941 -10.0947918851634 -6.37584459873169 11.850897053829
Sinorhinus_cornutus 17.4094846011077 -14.572451390609 -9.13967912914321 -7.11781394049214 15.0917432625576 10.7481273168742 7.64126272724075
Smilodon_sp -3.83202277076616 -29.150153053923 -26.9837299049073 25.2223312210524 3.15845469673121 -10.9908610456002 -5.87487354248286
Solenodon_paradoxus 9.66252200486581 2.599412381595 18.2947876767901 -0.948189058952759 -2.9188242031685 6.80503866485307 -4.58057841984943
Sorex_monticolus 12.7968307218772 -13.3868593839254 32.2274812265012 5.10161226176138 -6.89846679066157 10.0943412102062 -0.303951088799296
Spalax_leucodon -39.8528497835175 23.2997775002845 -47.3370299280527 -13.2393883277393 -3.042939546218 -3.10975000570259 6.41164566002152
Coendou_spinosus -23.4989186799886 16.1589539915927 -38.321376532295 -7.82123872693474 -12.6290572663184 -10.1827345659295 3.83698712770196
Stegotherium_tesselatum 28.4439250691586 -19.5829652899555 24.6907086055493 -12.8680379540801 11.3220354041535 -2.06839612625288 6.21359564427248
Steno_bredanensis 112.091250888387 -47.535479078134 -28.3024040156218 17.5044174373242 -30.8120042868529 16.5557144527512 4.87048990153463
Stenopsochoerus_sternbergi 10.0203018036941 16.9464666738111 -15.9868076372709 -0.259885042186617 -6.15312341946603 3.36918756694151 5.75526902655341
Stromeriella_franconica -3.79630007484502 -15.1270692025874 -0.500314583278851 4.5481553120568 -8.24760986186168 -2.90520874783742 2.54398578147446
Sus_scrofa 25.4476431106845 4.23438444675067 -22.0559808941339 -4.25673622461474 4.56729326043409 20.3759398884901 -4.75805846937644
Syndyoceras_cooki 65.728478765924 -27.2982201435677 -1.50016232233711 0.211857793038971 1.42941259080733 2.34187706746019 11.7516035561016
Tachyoryctes_splendens -38.412330227185 20.9226009112063 -67.6312474169627 -3.48480128159626 -2.10953423839875 -15.4183758581236 9.40202890637942
Tadarida_brasiliensis -9.3083128525653 -5.58084978178004 7.59165342959417 14.6538900220174 3.60662005298622 12.234733287772 -7.84084933954693
Talpa_occidentalis 3.77452149316184 3.10910941977379 27.5416704121136 4.57919141874839 2.77793918685198 1.99900447035277 -1.52100303049214
Tamandua_tetradactyla 22.3537001565974 -18.8430657592056 35.1212367167947 6.64078563866401 -7.10442397170891 11.1661071780221 2.45147587696419
Tamias_striatus -29.488121013085 23.5791409418913 -5.39142008500646 -1.48156898991023 -9.52898954874795 -2.10895109420261 -5.45519810060287
Tamiasciurus_douglasii -37.8698435442134 22.2426757061827 -19.8235627989334 0.341547174997285 -17.6836918875449 -2.04373779660424 -1.25910026365176
Tapirus_terrestris 16.433279513 -8.69999109020065 -14.6444711567771 0.972786106221027 21.544828813034 16.1973176024324 7.54286116790334
Tarsius_tarsier -21.1421279498883 -8.28832447553793 -3.4566681086712 7.82458202218068 -11.4610706900781 -8.85510049811396 -1.16835292116018
Taxidea_taxus -16.8707142486039 -1.84606571758312 5.94993241789152 10.4896273314535 -1.76590870382316 -0.370967343250252 -0.997993332491103
Tayassu_pecari 30.2819243203143 -15.5093213823215 -22.7499823311563 -10.9982200266769 3.53598667576201 6.88589546335413 5.81393650153311
Teleoceras_medicornutus 5.99392226617287 7.62240253075152 -9.89677709735092 -19.7027748228621 19.3978530652647 0.316071313360868 -2.75916380711249
Tenrec_ecaudatus 13.3173494743096 -9.15111156381927 24.9284796025553 -6.31864899606188 2.36466365838035 4.62693127581362 4.03334526419515
Tetracerus_quadricornis 16.7951907521432 -7.64298225845321 -15.3286125310559 -0.0183254148223424 2.17995586673057 -1.62399406580692 2.50645395526901
Thalassocnus_sp -1.93315081312723 -25.4166483129015 1.6404501811591 -7.44710795786706 -6.52034193140245 4.49927306144633 4.17811918392068
Thoatherium_minisculum 15.910680934393 -0.98045677697577 7.35351331794884 -5.73490285220621 9.70364276251694 -2.15296275333159 -3.15193704083122
Thomomys_talpoides -44.0743844700724 20.095143026679 -63.9057839565053 -14.6551545806332 -10.7976870690023 2.29712224707919 12.3111897057151
Thryonomys_swinderianus -22.9632151292877 -4.11835798415553 -42.8147690412659 -5.31357837900826 -7.13820890036022 -7.17823913931393 9.06658632560681
Thyroptera_tricolor -1.3407262551562 -20.3778135923666 24.8452331665479 -2.27965381356574 14.0178747479834 6.75933770782048 -5.4335249484812
Tolypeutes_tricinctus 2.25751122579375 21.2205241132029 7.96667889082218 -11.0791101214021 2.36180771053084 3.58806083838793 -4.16628405863215
Tomopeas_ravus -9.42813221464837 -2.60204204227312 15.5037557305961 19.6215542416589 5.33536668133551 15.7941588213585 -7.92948418279432
Tragelaphus_scriptus 8.67917495001288 -6.7322280089682 -18.0451509589656 5.00922626258749 4.05296930586687 -2.61012917157308 1.82580717280898
Tragulus_javanicus 2.24611007400597 8.70129462536754 -6.63263205183538 5.52588104011154 7.03422624448061 9.70991744019339 3.41582612752632
Trichechus_senegalensis 3.27711052476978 26.2424935349244 -22.8018467127517 -9.63434073283149 -1.29139995016002 13.6171062089398 11.9129813484172
Trogosus_grangeri 11.8230315731702 -17.772077802728 -6.45389519195451 -3.68289542994724 8.19822841744994 1.6298827462538 4.20794061329543
Tupaia_glis 5.34011064643285 -5.74780636072871 20.1638692632133 1.46792297894404 10.3513376371914 -16.0602403592264 -11.2312222367346
Tursiops_truncatus 88.1966802870685 -55.1918510111476 -35.7930256014625 29.3182265592246 -31.9846613506062 20.5640230928261 -4.5037088996532
Tylomys_nudicaudus -37.29448777075 23.9874547302589 -29.9348465783811 -3.16499366752677 -12.7017767155237 -8.39320219122204 2.62059220282846
Tympanoctomys_barrerae -37.2698308484813 5.7254064999622 -37.4838239854749 -6.28974654034418 -16.7235865719981 -3.63962670276344 8.50035068683025
Uintatherium_anceps -5.50603581435859 -6.82585102295399 -8.04908235232681 -3.57584313793769 -4.62909590580494 2.72519320284283 10.6724005556978
Ictidomys_tridecemlineatus -33.3548484722252 33.2019362820422 -11.7328471924758 0.195527055009734 -8.78114773325929 -5.08580576506911 -8.09164699703586
Vampyrum_spectrum 7.52507644761939 -14.2588600139259 14.4739353455771 4.54480664319198 -8.5447145507907 1.65434266092029 7.67955097830084
Viverra_tangalunga 2.57751085615495 -6.27075650769776 7.65137027607638 2.11195128263377 0.499694587487844 0.666095747107137 2.46931969034075
Vulpes_pallida -0.530513440423526 -8.09553385161857 0.930264479104019 2.92665018879792 -1.1852357190428 -0.611419926128246 2.9945259052128
Xiphiacetus_bossi 186.15376057779 -9.52448392224626 -18.1825068471768 17.7957394489151 -25.4023452286381 16.2800638200509 3.811575425103
Zalophus_californianus -3.32484407469381 -4.58639949221058 -2.94485934139432 4.88152431493434 -0.948587040830811 7.81958924224188 3.23556108101702
Zapus_hudsonius -57.3049300897802 24.2706265466308 -25.5365237144963 5.18511096873407 -15.2279793016645 -10.0334793951446 6.47817488403908
Zodiolestes_sp -4.53910548933847 -2.82243283357468 1.89470260754306 8.44135275653545 -10.3796165590697 -2.37180232086108 0.877059472021582
