Acinonyx_jubatus -32.4509553592914 -11.2759986768721 41.6901569944404 -7.71621924991134 -2.26471397407831 -4.39587837177389 8.1971161267099 -7.91102645611185
Acratocnus_odontrigonus -36.425020710209 27.1926001716434 7.62025938572953 -9.26665789216924 -6.08808210581368 -2.03648836873556 6.10279678738511 7.82254955789172
Adapis_magnus -21.3934868637948 -21.4059063020683 4.96158828463967 -16.7362995409181 -2.99543888985382 4.04813701477493 -1.15346472122336 -13.3524502606567
Adinotherium_ovinum -9.67808166764767 -6.87245024338365 17.9413386731597 -9.50285440600587 -5.79017495475153 -2.78361609282056 -3.16536726548828 -0.994960885229753
Aelurocyon_sp -25.6916341609859 -4.9600771361343 27.8664945351998 -6.64501492363063 -10.1465696838386 -2.92128329860455 -5.55986748145146 -3.48128711112618
Aepyceros_melampus 29.8962248865331 25.6351975195802 14.15407066475 -9.90758542583513 -3.1106577970036 -8.09317964263178 3.255700145608 5.22290602783244
Aetiocetus_cotylalveus 13.2458292361321 -17.1996952957771 13.4285061392508 5.06401474680255 -0.827177628992424 6.68969609221507 -2.78770021236349 7.33881291818477
Agriochoerus_sp 6.35265326244332 -2.88393080337197 -9.83607566481585 -3.73757877798589 6.68849012238705 -4.9627389939037 1.80394825212069 -4.97794717786714
Ailuropoda_melanoleuca -37.4539964374147 -0.738626026322526 14.3809163001962 4.06648892283794 -8.97971843442667 -3.06051110479073 -1.81063858594919 -10.433498028262
Ailurus_fulgens -30.7935076430443 3.05232232524136 51.1959090011485 -1.45728790263112 9.14154547323697 4.68137120994155 -3.82924231231399 -4.3058453635944
Aletomeryx_scotti 43.8030570772502 15.1602416336134 10.3667301586629 -12.6387201014688 4.67267444635114 -5.88835939304001 2.3230971553381 1.12776310510006
Allodesmus_gracilis -10.2837856035267 13.6742922488375 -11.8360409592141 -5.66773361087417 9.88684150455707 9.40102288645709 3.3423647036248 -14.1826119101765
Alouatta_palliata -48.8096116885431 -27.0569352498068 -1.8801335784753 10.8942710722137 -10.8921695003866 8.09827209428164 10.9426943878646 -7.57422994562496
Amblysomus_hottentotus -3.51276108133174 8.16455000294727 0.929054119907668 5.19738430282819 -4.92314129495891 -2.12538756185854 -6.15255125632662 2.80579749446247
Anchitherium_agalensis 27.5343966453791 28.7948406852091 -4.34744921479747 1.28673282211737 9.91911633072016 1.62991012957722 -1.78414270065664 -2.26910069038231
Anomalurus_beecrofti -39.3242104501551 -21.8081031801183 10.8652535926356 -3.3747669578082 2.89120893286908 -11.4123092981491 -3.14336271951736 3.63185210566723
Anoplotherium_commune 30.9113151646594 17.447490123859 11.1736270627715 -23.3418803293328 17.0176698303382 6.15619361276613 -0.383601629152678 1.06690633994529
Antilocapra_americana 43.8166828169396 9.51575988048788 20.8554390652517 -10.1692165613488 -5.15776348672641 -4.16346740883784 11.1678810352133 13.6680335025552
Aotus_trivirgatus -13.6732777322165 -29.4457165371026 9.61637738228792 4.71521356999954 2.81791441080131 3.64807185013085 30.4134020675527 -15.7861459077074
Apternodus_brevirostris -46.3258370526449 26.8261565055743 -51.9726653073977 55.7718192392803 8.83928068895748 7.52805793513769 -0.206399186458031 1.5444976285892
Archaeolemur_edwardsi -45.1590986070057 -5.21610083329837 16.4331805225749 -6.35378764000606 -8.4509671977499 8.76162824264854 5.23966911632352 -18.9934708257629
Arctictis_binturong -13.0684748545946 0.620889708147423 18.5733516711029 -11.8551001713746 5.19974411184569 -8.25365443512303 -8.085947985747 -7.68152777248454
Arctodus_simum -24.1951856702776 4.660931644236 15.4704307505191 2.66161144054895 -2.30779474764985 3.05595124114717 4.11174472718632 -2.0120730931904
Arsinoitherium_zitteli -1.97011442111309 3.01222154911984 -12.7390743483687 -11.0289167827962 5.03606365155071 -3.02371639022077 -2.33913159137152 2.33446298355802
Aselliscus_tricuspidatus -17.1175503233478 13.9235703403918 -14.5146219025488 17.6103063019839 6.76631641356854 1.99377001123762 -6.65384761325682 -1.4999691372371
Astrapotherium_magnum -12.376787806959 21.8668764766693 -18.0797376009105 -9.12391101804605 9.58153563360276 -0.190688381983572 2.36606574537903 -3.4911872895271
Ateles_belzebuth -32.9651246594007 -4.73082410827006 4.94018176797745 19.3144150283248 -11.0814718613192 4.74116231470099 28.8720029179164 -17.4629763011683
Atherurus_africanus 5.54914977564599 -10.0684692268056 1.13270376025113 -8.97578469883051 -1.13437790617277 2.05358592297208 -2.64623844687848 12.1907494141965
Balaenoptera_musculus 22.3595260910623 -34.2567694940643 17.5367851230848 26.938547729346 -5.69544337908792 -1.45495616818908 -4.06088106518789 6.71398278753695
Barbourofelis_morrisi -7.55172910294928 -45.3438394916379 -20.6719604694619 -10.5434051571223 -8.62305721661934 -6.82188742368073 9.6539692379864 -14.7419028753293
Bauerus_dubiaquercus -29.1609011972312 -40.473867464622 -14.196940915296 -3.72197228074532 11.77651332659 5.03909717304765 -11.4852691058466 -1.14820141870102
Bos_taurus 38.5585406483566 21.4784262432561 20.8194171574727 -9.12897318956852 3.43021915290226 -6.45350374670764 5.38473206396163 -0.869863541015347
Brachyphylla_cavernarum -39.9416741901028 16.5996103441373 -25.0274776124139 27.3760034203425 -1.07899198661735 -9.25235517497112 1.50778347141982 -6.72274545446238
Bradypus_tridactylus -64.2260028901941 30.9046564528188 -0.0992086454725789 -6.83974380005216 -0.13303908665508 6.4212154285188 0.925271402251497 17.8646889818993
Brontops_brachycephalus -36.2101544875227 -9.50038624252607 -17.4417763583677 -16.3178590676013 2.61318796445644 -1.66422575659012 -2.47073639987041 -6.51039666264814
Cacajao_calvus -39.8852424593114 -13.1024724209221 0.689976649098989 13.6547893338748 -16.706602971567 10.4126637785309 17.883291641858 -19.6116021034386
Caenopus_copei -0.193105458719514 9.37918795656753 -10.7596665949522 -15.0733696312321 8.84049528614785 -5.04076912801759 0.325418987518351 -3.95063113544906
Cainotherium_laticurvatum 24.6351278741184 -4.81050755635293 14.2287367796943 -0.706674270916011 1.82337608753791 -9.62716252914358 7.56914733630956 -2.82534275894558
Callicebus_moloch -26.0051792745177 -19.9474769163385 3.02253322690981 5.17650813769107 -9.75187132388379 9.87531325949044 30.8783977097675 -20.9349795743033
Callorhinus_ursinus -20.3867866270731 -3.15751657202445 -1.00068285637887 -13.0087608474251 9.43153030936922 -10.0233521938137 -7.63893526153465 -13.2294948687231
Callosciurus_caniceps -17.3354095080572 -18.8745593624882 11.6870273803196 -13.4971894922529 -1.54515756773421 -15.3762009766355 8.00895851840182 8.14029331933133
Camelus_dromedarius 17.5453595319974 -1.64828232322742 2.73273685580813 -0.933795632573571 9.06463784158377 -1.29285977513069 -8.37870066619339 -4.58982796475785
Canis_lupus -2.48397619166195 4.80523067816716 29.6440507146731 -12.9420053085706 -3.61252558787008 1.39341901303488 -4.47773525184767 -9.19245329041583
Caperea_marginata 61.7551476292177 -37.3638876744604 -5.27600179428943 2.87397397222926 4.13687700388593 6.95929874478909 -8.6595429005292 3.52559500905942
Capra_ibex 12.2324348042271 13.1496125469523 30.0488213778607 -10.3268679107289 -7.33230252800194 -6.79752161692444 15.0053032797149 10.3601994438724
Capricornis_sumatraensis 42.6450372414417 15.1684514453911 16.8986627023904 -12.8957102274913 0.533065255688969 -7.90792100010813 10.2974479737605 -6.95995613099429
Cardioderma_cor -30.80966575357 -8.44429592297485 -9.9998347007074 -0.728020801202605 0.197106231310322 0.510735585672895 -15.8050003991319 -7.66335544439234
Carterodon_sulcidens -19.0351101460629 -20.2865515959912 4.67048294256186 -8.78863235335724 10.5890859824141 2.39473260073394 2.6657893656131 2.26225934017209
Castor_canadensis -24.4435965110899 -24.8221314222785 25.1040895529812 -26.451698146567 -15.4637243647038 -13.4477214350991 9.6615557984904 -3.57310724924035
Castoroides_ohioensis 32.5530722075152 -41.6417169219331 38.0054497199091 -24.8799278757451 -7.98178843662224 -11.5596479761202 2.8140435072508 -2.27032333954254
Cavia_aperea 33.0314111367219 -36.6658759816285 -3.70235998496378 -9.6294356930697 6.75562404355468 1.71420697422525 -1.28930405010198 10.569917649158
Cebupithecia_sarmientai -31.0065022117113 -17.7895516785328 0.523982393477297 -2.29003635960513 -18.5653364222866 19.3526709589939 37.601352669368 -23.5679477412363
Sapajus_apella -30.9004998571732 -4.57578529015852 16.3793160789518 21.238492442654 -14.6891452668861 1.30630711510674 24.8564955766697 -22.1408731154251
Centurio_senex -47.1042418438705 -62.8942132284009 -24.3165449358677 18.9161845410773 0.44426797256212 -2.73680154557892 -7.75173045158668 -8.59119795258496
Cephalophus_nigrifrons 40.5294399656575 8.59958390048557 17.4243546594048 2.38309865713049 0.699676563326088 4.27622936876926 4.14520221593147 -5.37535680877972
Cephalorhynchus_commersonii -26.3806800157352 4.2372431199549 -9.40214409017788 3.53522264318266 -8.25785525670001 4.81559526662734 -12.7037280483227 10.0591511994267
Ceratogaulus_hatcheri -42.7744290597026 -44.9712518250398 35.2325755074567 -24.2004430101095 -22.7347866427189 2.69298343866697 5.64594572919566 12.08161875964
Cervus_elaphus 46.4094126144775 2.76056001854792 12.0029615858341 -2.919735835553 7.45177055211706 -2.24901769170831 1.55059037411766 -0.327669640937464
Cheirogaleus_medius -12.196281875333 -11.6753636220434 13.8446244580832 -10.0188117103342 5.13805278977193 8.39240941580123 6.45217656541916 -13.1621740344153
Chironax_melanocephalus -29.0890397256225 4.64965939811949 2.5986678872069 15.5852730975104 -2.52659178183242 -11.0059254453285 -5.84066819752068 -5.24093680979819
Choloepus_hoffmanni -39.6474144247355 0.43106500081496 -10.1954766601245 -14.4603667741574 -8.15668398456891 0.134086024144791 2.28787913730977 11.453139751789
Chrotopterus_auritus -14.8611071782784 1.43178848545691 -20.0821222444764 -12.4469179237046 8.90841863614877 4.21217248301053 -9.20145831541594 -4.65515938287004
Chrysospalax_trevelyani -6.74063227887143 7.52527625089995 -12.4195908207147 20.7972463741988 -7.48501090025994 -4.90484133275117 -5.12973472004034 -3.94003523448493
Cistugo_lesueuri -18.6997730251084 -28.4339732013275 -12.1022305876292 5.07479731472182 7.87656525689259 -3.6887363216682 -10.4639296892291 -3.6682726397656
Coelodonta_antiquitatus -1.73583424572852 7.50960690432932 -19.1249478878683 -5.76702082434281 -3.50749063427032 7.34191872173607 5.4484037428029 12.1274472536317
Colobus_guereza -31.9720515605278 -15.0288593329459 8.20214209130711 8.31420216569677 -19.4185084062282 15.5721428763396 18.5345197449509 -11.7266822264399
Coronodon_havensteini 43.2465449482717 -16.5494032788289 22.5179127750083 -15.0103381681275 -4.12547204755342 16.3133864263765 -0.275859886424316 4.59786601665771
Coryphodon_hamatus 7.21749863634887 -2.65482106344558 4.68872333464629 -17.9268223500277 3.76591685756421 -5.50716085050738 -2.64702238936573 -3.85326159084692
Cotylocara_macei -13.5896314751158 -6.43086557332398 6.08105566471793 5.51015637970175 -10.0083360086937 0.233747312972869 -9.72873670123785 12.0177140578288
Craseonycteris_thonglongyai -36.279864049705 -21.6682135108475 -34.7653507671111 4.75526978199009 17.4062300336681 -3.20970409835467 -3.46388206752296 -6.5204962239592
Cricetomys_gambianus 21.5434684467612 -10.6473328107602 8.58839063796268 -2.13157842512626 -1.09661142920092 -16.2235721821529 6.09350761488481 2.0976724654048
Cricetus_cricetus -9.49311914251196 -29.2516779837969 9.49017114426731 3.76520157244697 -9.46843764656123 -12.4077701298193 4.07433583853758 4.5215115875145
Fukomys_mechowi -63.7770502624114 -43.7524732260047 17.5516838893035 16.6478961688652 0.429550752864068 -8.08762002302742 -0.682067520625513 3.8347124014647
Ctenomys_knighti -0.728986855261198 -22.9524009279433 30.0090296492847 -8.43169681543177 2.10230507305733 6.46534712599339 7.71274775773628 6.69454453194608
Cuniculus_paca 10.5966052815122 -38.470405036062 -16.9774525975317 -20.3461013833529 0.374629585625626 24.5662576000999 20.0008976879443 18.362159641161
Cyclopes_didactylus -41.1874629520275 71.8694496134292 -20.2164543380667 53.8160801240257 -1.38824692017068 3.57211783961039 5.47669053349015 4.47680579195584
Cynocephalus_volans 32.4029211480319 -32.7948824645234 24.275554014002 -11.1006308754909 3.19538201167376 -25.8329496684429 8.25065890399788 -16.84846535386
Cynomys_ludovicianus -0.573100876184621 -27.3580757500758 26.0536996729558 -26.0399392408876 -0.315841809186416 -26.0424801823278 -3.71851798094707 0.864895372591847
Dacrytherium_sp 23.2173280568114 19.3913721243066 25.036436313346 2.38094089168726 7.89059678619518 12.3286589053273 -10.8694256272219 -3.88030496101303
Daphoenus_vetus -21.2742900518046 18.8968322452819 12.6705776580746 -12.8572059780802 -5.22727190398208 2.17756868103745 -7.2015422687692 -3.53766568064676
Dasyprocta_mexicana 29.904187989668 -17.3134177932123 -5.93175687888576 9.26791186277207 9.69209279213876 1.78488699812202 -5.35889499481558 6.79061318877354
Dasypus_novemcinctus 68.1993269960327 -6.08789037088854 -5.35088269856758 0.102903309861059 -4.10527889884063 14.3770952046064 2.63669404642238 9.22415482160993
Daubentonia_madagascariensis -18.2007236575919 -23.9655251008871 18.0893440572152 -16.7285852833778 -5.88842653303999 -4.35592665318016 21.5588436911844 -6.08413018137444
Delphinapterus_leucas -49.2094868930326 -26.9146061109142 -24.635944454283 9.50725980994167 -3.20566308254001 5.0833094118142 -11.3583829851921 8.09419758162217
Delphinus_delphis -3.8829209690076 8.15548224540306 -11.2691703419086 -9.12114083913596 -14.3174879322329 5.09171922485948 -17.2603271858466 7.74167540785463
Deomys_ferrugineus -6.23459359813411 6.43109289176949 -7.51011939979768 3.99571834376697 -11.4755243336483 -18.2770837534273 4.70168621905838 -5.15653142888515
Desmocyon_matthewsi -4.12541975023734 7.45192082713426 24.3965801904742 -2.1520902071493 0.110033876790948 -7.70026259407096 -4.15826650967112 -12.6069405908598
Diaemus_youngi -49.2661083740621 -3.2007580060468 -15.8752851417768 4.7532444515755 11.6180673203118 -3.11016991531614 -7.2721614182802 -2.83506299764068
Diceros_bicornis -16.7501291988746 10.068864940471 -29.2352243304225 0.0261531965125205 -4.91289472977544 -2.52834652443632 6.27445632470467 -4.18319422038288
Dinictis_squalidens -15.402703314324 -21.4667038857671 2.71915331881638 -23.1336322665899 -13.4782071813618 -11.227653882046 0.339565289130587 -7.31333710581975
Diplacodon_progressum -25.6890847889823 5.18769519629659 -12.5959871495218 -20.036311885764 4.19192148736793 -8.46727378189992 -1.45971941539117 -5.26410047839488
Dipodomys_ordii 22.3679320161768 -44.2004214661759 -5.76730794729255 -6.2984525431907 2.56302711395923 -12.0298519721865 -1.53352002974001 13.0502403387509
Dobsonia_moluccensis 8.19162034529984 -2.63821905095231 37.4796157998564 19.569606724464 -1.55458012643736 4.74378706359891 0.758076353453402 9.66309779019093
Dolichotis_patagonum 28.524942344081 -28.7069889681452 -5.45175315641038 -2.03262158484418 3.58904339768229 4.84883860917031 5.75324581872181 6.05572161687518
Dorudon_atrox 29.2356977399522 -0.0975000739894365 9.33505759079618 -24.6140473643219 1.40656339843404 2.15131584582089 -12.1889923130639 5.71218722183558
Duchesneodus_uintensis -36.6494674775998 -17.7762001384822 -6.43723823441097 -14.910487286971 -5.78708167099188 -6.83718970106284 -3.80873618087592 -10.0447829045837
Dugong_dugon -84.3380037977305 -17.8477247016691 0.438917507803843 -12.7970724038889 4.48882715387815 -2.73087775052348 2.2645228696307 18.7411003997379
Dusisiren_jordani -59.5712524004673 9.83239406120823 10.142213845647 -10.1317142000265 -4.35120482600149 -1.89351368475386 -2.86153927943424 4.3150999411613
Coendou_rufescens -9.67749602986333 -23.5576645200688 3.78796378013935 -6.5356223785286 9.69088127212729 1.47862540328475 -4.43744899878045 7.43671460150398
Echinosorex_gymnura 21.9568308083424 4.79027784164702 4.1410309982113 5.37234594434834 -1.85180606175013 -1.31966085906271 -7.11671752947679 -1.78693268598212
Elasmotherium_sp 9.41240414110279 8.54534542525996 -0.837895620974456 1.66835924555619 -7.9568855870488 -9.48847564743737 7.05965400778423 10.4772765563907
Elephas_maximus -13.2181000197024 -47.3384742272533 -10.9510009079444 -6.76838535756174 0.449662327377473 0.915508762153438 -5.52860517367144 5.66851151135703
Eleutherocercus_tucumanus -48.6895921971212 -6.74299833074233 31.6438226336753 -0.12450740761914 -1.55313494023619 12.9388137488921 17.7830319764834 0.471971824200895
Elotherium_sp 21.4765109154963 -42.1268410995568 24.7884364951223 -14.6853444566332 -35.6558825489901 25.5785118712075 -12.1139879046014 -17.1038517902804
Entoptychus_sp -15.7367410188788 9.77946113573516 10.9874060634149 -1.57406210611544 -24.5079440327866 -17.248659110494 4.34499071882757 -2.68731934909824
Epimanteoceras_formusus -14.0480113058322 13.0530723699385 -21.5626447818911 -18.1140647679425 -0.568293343488701 0.932474907650531 -7.86282706938632 -3.44088634533055
Eporeodon_meagherensis 4.33131455501972 6.77100251696633 10.0559333686046 -2.7240156932938 -4.46554548415939 2.17113334456794 6.98150802510615 -3.07122105534898
Equus_caballus 19.1278917046917 18.0128645985792 11.2194457845073 -1.32200347588869 -3.91623439993743 -2.81605144250132 -2.03295946459695 7.00153933980185
Erethizon_dorsatum -13.5172714485356 -37.8452229478599 18.4532158115233 -9.60355780068199 9.49737131727458 -2.60105507885642 0.981213285657841 10.3999103607804
Erinaceus_europaeus -15.5660403432216 -9.39278780788068 -5.55043851521117 -8.30985840143348 6.2532743382577 3.22184233404348 -8.08714215793162 2.45160320170411
Eschrichtius_robustus 32.8223993099391 -23.5831880280133 -12.9189728898136 10.7626486838529 -5.66477087391967 2.15167522205411 -10.39321092617 2.96979745363574
Eubalaena_australis 50.2009060722188 -105.794672552723 -22.617802678426 18.1511815644582 1.89462341139789 0.148453947572376 -12.1255690163988 4.34111189983618
Euhapsis_ellicottae 40.0643995335391 -76.1644852897158 35.3398916393517 -0.522693186710911 5.64318026392248 -26.4555769604783 4.13488578839574 9.52922984539754
Eulemur_macaco -2.65620799336314 -1.82029075098962 12.3932669205658 -2.53545656781955 1.5677984471017 -3.93264990857244 4.61483120022788 -10.1014088487654
Eusmilus_dakotensis 1.27836516809417 -19.539583577952 -19.4054138528184 -16.9370097021705 -12.8831129876026 -6.57252830092459 2.79734057126834 -14.01410785871
Fossa_fossana -7.80542482148944 24.693027074619 6.65083970573193 -5.8523090458831 7.27941554373749 -5.23819429174542 -4.29973979914928 -3.59209671947682
Furipterus_horrens 20.1095098513251 -35.137815130111 -18.6777400805109 4.71878273970659 13.3161225669642 12.9942065068339 -14.4977470273304 -2.8785335212531
Galidia_elegans -18.9574991424763 5.87931830488147 -4.70220763628985 1.16968008144852 4.53930625642157 -5.43867626496639 -1.53433914502274 -4.24036232698372
Giraffa_camelopardalis 37.1958460993698 18.8818488780788 7.37224605509446 -1.96217498529264 1.49789693477608 -3.58856439337943 0.370058586617245 -0.483817226700363
Glaucomys_sabrinus -33.1661860364476 -10.2277860808087 2.88363236498943 -19.522233951613 3.45120169303103 -9.45201710995537 -2.27273893718337 7.65741872985264
Glossotherium_robustum -46.8137856992811 0.663499702309602 -17.686954673184 -0.768823324298758 -4.44469646815261 7.24510465350449 6.02317967565503 12.4023922435832
Glyptodon_typus -47.8502121220579 -43.1975361263335 42.1542290544781 11.0453750777805 -0.372737216444695 0.176823122317636 19.8816057390938 10.873087977737
Gorilla_gorilla -33.8893321124807 -0.861992147197595 22.6614052683439 14.7227058828676 -28.1251551499233 21.7581856496486 21.7423493775353 -11.8492772509665
Graphiurus_murinus -38.2510115952392 -8.07123014971792 11.6743725780704 22.4136008987055 0.290537219929672 -10.7301895627752 1.96572521186107 2.28372595900224
Hapalops_elongatus -6.07180279571184 43.7105944368734 14.9361517831095 0.426632335296788 20.9188668866172 -0.714364807140446 4.82277742573936 -7.91242517267257
Harpagolestes_macrocephalus -0.0390243100899485 11.3516199309174 19.0573551690169 -21.603087658702 -14.4602694830567 10.335255649721 -8.19502025670948 1.84193841055335
Helarctos_malayanus -60.4532291877996 -6.53987713488473 15.8862736379144 12.3101916068794 -2.5008231793936 1.91884073347316 -9.85967868388603 -6.2095383617687
Hemigalus_derbyanus -7.15271017311666 17.0316335610613 12.752612120851 -7.88144195230179 7.97054563583799 -5.62689061022609 -7.859586632299 -4.61620315135692
Herpestes_javanicus -29.4027106751627 22.4149394002329 0.509803496507683 -3.74697932881426 2.29329283185222 -8.50101241520457 3.63304674816739 -15.7295631094002
Hesperogaulus_wilsoni -24.3422503311684 -82.5208251303452 31.2956076782761 -8.44208069696575 -18.0118109627616 -9.98808969275798 8.47036483225195 4.33112571257898
Choeropsis_liberiensis 7.18171218405345 -6.01991947441927 14.1657485765821 -5.57066339752919 -19.2707706017378 -3.18030290690742 5.88459648849814 -10.7664176785776
Hipposideros_armiger -2.9589666789071 -17.3906886932001 -1.50589285565066 -2.81551448139559 2.43817307481714 -2.02781458019309 -5.44278807840231 2.19970627806641
Hippotragus_equinus 27.9567767260069 29.0733567438082 17.3776983318773 -9.33309009470628 -11.4305848293628 -1.20061502420008 9.45498192905576 4.00366804889059
Holmesina_occidentalis 5.42489401618078 -8.17809081284615 -15.967198120053 6.27348288627873 2.83092176987804 13.3201330489091 2.3271219712105 6.55656849188417
Homocamelus_caninus 48.197803248008 23.3428344285512 2.93252953026512 -4.56094435525344 -0.96245524075498 12.0796348258413 6.814071800074 0.289605798066582
Homotherium_sp -9.03340229236625 -18.4408289261973 7.46833933140829 -0.584437624341145 -15.6858365726006 -8.46568361290033 5.80747260982782 -10.8545279322568
Hoplophoneus_primaevus -15.6091258643163 -24.841962853221 14.8460922123263 -4.0853877996757 -1.78368230398551 -3.08467428910862 -3.03918441437088 -9.98015164191001
Hyaena_hyaena -13.6021061543698 -7.6604655872794 19.4275571564319 3.94134330359432 -2.69433072794986 -3.252179564715 -0.0890436572587914 -14.0390923092755
Hyaenodon_paucidens 21.9487971049557 -15.9393511325514 -3.72595590074613 -12.9200130891258 0.0862395605411739 -11.798990173585 -11.1883811423593 -8.59233402201305
Hydropotes_inermis 32.9760226925827 7.46505742756859 11.1516813025652 -8.04302905818531 5.27005456821694 -10.0208930188817 4.62365013916619 -9.48000715524347
Hylobates_lar -42.4908941310996 -16.0758114653449 6.85111792738832 11.3980723967218 -11.0216724750564 10.4242898733303 22.978198740648 -16.7648872180607
Hyracodon_nebraskensis -5.66141520837116 -1.04140611978038 -8.2187161326853 -13.5105160969689 12.4523036059777 0.490900864321688 1.1272049243217 -1.33863899745263
Hystrix_cristata 5.61903650790176 -30.9192923707671 -9.59608033479062 0.695946008396803 11.9849485420898 8.75071200236592 3.12554198896519 14.8287147247586
Ictitherium_viverrinum -11.2358096130399 7.29347971115309 6.81135965312701 -10.0028691742787 2.53594929971216 -4.94071145563784 -0.632841733607848 -5.12069791012009
Ictops_dakotensis 22.3156730932571 12.0644723583092 8.21564432820315 -6.02097721118135 4.88489912881913 2.67938383723176 -4.45405527835528 -5.43297809969596
Indri_indri -2.64161469980426 -11.0860182276201 9.8730119453367 -13.1226067415533 2.53873831615421 3.73131194305517 12.0533850764395 -9.13125684616398
Inia_geoffrensis -6.2518754810034 20.8769763465099 -5.91177882016934 8.18179095542565 -14.8781413420404 4.51704779326572 -13.745289907045 2.13510542304202
Kannabateomys_amblyonyx -5.96082683153775 -0.0569677066141409 9.89086432100726 -11.6857132133348 16.369530558569 2.08022013185754 5.43791499040842 8.45120776062947
Kerivoula_minuta -13.5253586284471 -33.4054071507303 -14.03457611836 2.09305555280785 17.9179044972189 9.56952878825976 -13.2152276128789 -2.01441941201366
Kerodon_rupestris 26.6369300067012 -22.5027407097117 -1.28793761088807 -6.04848224491885 6.5146069958847 2.52876544400634 -4.21967297413116 6.97724989959938
Kobus_ellipsiprymnus 41.6067114134043 25.529806985588 20.8615080330277 -12.08418645059 -7.53134174641618 -7.29481758596001 10.7369593927556 1.42086428427359
Kogia_breviceps 4.79888631037732 -99.8219102588998 2.14835203240205 11.9461326866577 3.03096130170417 -7.54415523741746 -0.841743307945198 15.9412607937421
Lagenorhynchus_albirostris -25.2641812805862 -14.6680380428276 -21.1356172205492 -5.00690202057395 -2.31642767580102 8.60371756090032 -15.0105891118753 7.25121251957709
Lasionycteris_noctivagans -20.1199299217967 -24.4294330157938 -26.4180314736643 4.50658515693123 10.764977974813 3.68920538003517 -11.5525652432451 0.960150044752415
Leontopithecus_rosalia -18.8879245179041 -7.18376581487956 9.5234708782372 11.1428166774875 -15.7492980000385 7.21317081738867 24.5106374636894 -16.237926448476
Lepilemur_microdon 7.05514141244382 -22.5194830770521 11.0152605059724 1.03462008795896 0.827276702310765 6.24844583631914 10.3558469827765 -16.6018401632788
Leptictis_sp 24.5704958259854 5.25083428898274 -1.64349478439305 -14.1817258959724 -4.15058918532517 -5.34528893412854 -2.92163338141111 1.29378244832631
Lepus_californicus 3.49533350961729 5.11019308691546 4.26766410703739 -20.1891330462926 14.2147963268531 1.12141963756767 -3.21779696935315 5.45611962349326
Lontra_felina -49.6135414892971 10.6721146037135 20.4586344642121 -1.63445916867924 4.38444043393575 -7.73059984542681 -6.22208017563579 -7.36227292256712
Loris_tardigradus -11.9114871170492 -15.024774152944 22.1987336346038 -9.45744543084786 3.12641061347858 -0.462004509352052 18.3414294370071 -13.1223991964358
Macrauchenia_sp 16.1533750477287 20.5807181488281 -1.12653049226803 -12.4253325973131 1.045383414312 8.14622588429662 1.11314837920544 10.1189179401982
Macroeuphractus_sp -8.68415477996478 -26.2560457638618 15.7823239415701 -4.23463666395361 -1.58622549749798 0.19442624044449 -3.31251711157256 6.78899455393665
Macroscelides_proboscideus 17.6870077133098 -18.2974816800861 9.23666995943437 -6.89146853685954 1.25438669055621 -16.0057857259245 -6.24977513730595 -3.38306498899672
Manis_javanica 1.0549807750429 33.4127258844171 -42.666415519049 43.6603895182531 2.70711728639964 7.21908886663641 -4.43305965173395 0.342276872435207
Massoutiera_mzabi -24.1589191034449 -13.8351031302226 -1.7594395772032 -17.1419202600681 -24.4161316636159 -6.67652085104563 0.0637350473058395 16.6030126175101
Megaladapis_edwardsi 3.51037675143002 5.08602888764039 -22.9108082607056 -9.88845397405919 -3.15491923255076 3.26915620866461 5.72176950304342 -8.16658747027486
Megaptera_novaeangliae 45.6701151834118 -71.7757835180402 18.9536274964868 13.0073942666189 -8.71988876682252 -2.14666341235713 -11.7093672654672 4.95965408016746
Megatherium_americanum -22.6647033313808 16.4085329574121 2.9322597143315 -11.0200010576348 7.86560636175336 0.194765274385088 7.05338229563248 -9.26176305369712
Mephitis_mephitis -26.1387398328325 -5.56098800098393 14.3938751708859 8.24326301081079 3.35142427507828 -4.1733518644039 -7.07096107382808 -1.28987128037182
Merycochoerus_proprius -7.42794214850357 -29.6613724964443 6.88855520894834 2.46066736524458 -21.1057854395082 9.11626968936667 6.29830193550609 -2.44668624854211
Mesocyon_coryphaeus -14.0446932602663 6.84331087244902 16.8033438453762 -7.69729661516311 2.74303676664265 -2.62491500140093 -6.23816864232755 -6.53728434715501
Mesohippus_meteulophus 38.4985418386637 34.9893501236368 16.7061849256979 -0.598804309966872 18.8555593860108 2.69430167808875 9.67169185680434 -6.30979301553461
Mesoplodon_europaeus 2.20711927929073 -17.4233855064885 3.43968753863817 -2.47747959890007 -9.21260213426435 4.25536223826287 -12.5914888588693 5.99633286739386
Metarhinus_fluviatilis -14.740101410987 -12.6484057530669 -9.75757281493547 -14.8388738269743 -0.943218241752744 -0.96226353684512 -5.666834621872 -8.19867490742949
Micropteropus_pusillus 14.8019968721947 -18.6465180109576 15.9455775531443 16.3461298814552 -2.42874206734599 12.3335748860209 -2.83620508270146 8.8019630249735
Miniochoerus_gracilis 5.08537531310172 -14.4936934413303 -0.0359536225733359 -1.4100669292493 1.17460765764088 0.346979043037042 -3.07997873191018 -5.74472903822743
Miniopterus_australis 11.324867070241 -34.72626277646 -36.0457641429315 7.25351666179348 7.5950657744222 1.67313652518936 -12.7545495740542 -7.04128610510852
Miolabis_fricki 56.3211561489692 17.7906914693432 1.49756877483493 -3.35945984736489 0.800412759374194 12.9133861856618 -1.22262858397102 2.6089938542786
Moeritherium_andrewsi -6.69530210192071 -18.3943128209873 13.7493367334711 -24.5081230224997 -7.92940350449125 -4.57034969637046 -13.6389920503067 -1.48801910164772
Molossus_rufus -19.3522964806754 -22.0344583163651 -12.3443624147785 15.6325781893466 8.3825473069038 8.00868975130136 -6.74073283815618 0.683008952340984
Monachus_monachus -31.5379128742624 9.34878006189009 23.6892536169372 2.8983922676038 -0.964644783523838 2.55006485283187 0.467653693094787 -1.96465059982372
Mops_thersites -1.78690710077192 -29.7688955162709 -21.7056909069069 23.4750228343476 11.9529385559435 2.96932891120043 -9.52158118531484 -3.09976093236464
Moropus_elatus 18.4230662744956 6.93524384975184 -2.85428937324061 -1.18949732536137 3.99157957060602 6.8049603726489 -5.39942654559607 1.63846418877859
Moschus_moschiferus 39.5003400246373 5.35693296139888 11.9992669716564 -8.74559179982064 9.79472711221842 -0.0458999319204121 3.6773826046111 -0.951907051277145
Muntiacus_muntjak 35.897629810483 17.8793902409123 21.5458935379989 -2.44351866861867 2.90355091625453 -5.36730341561812 10.1526903871356 -7.14397461624564
Myocastor_coypus 10.1661797532824 -39.5371267651571 11.5823086439649 -12.3086060559203 6.32581987193147 1.46640957714782 2.99561607121613 9.74753202292233
Myodes_gapperi -16.1553613288226 -10.6402056097003 5.29647731001861 8.01097837923868 -6.92616569541825 -8.56350346863916 4.31547023981822 8.48035464164363
Myospalax_psilurus 14.8970362265419 -53.8276269552574 26.2325703290635 -10.4242384030067 -12.5204077328891 -15.8553833988615 -1.10296560649901 12.0928129095522
Myotis_vivesi -3.53073320335803 -31.0569653556106 -18.8011400278117 9.80038356236887 11.861905717869 6.58158196824849 -14.8081621721815 -5.79414607653006
Mystacina_tuberculata -5.99667444432732 -26.2389622212721 -24.7627656263182 23.8394690520032 5.88319474693251 11.123192884322 -9.53492815964963 3.26970334845143
Myzopoda_aurita -19.0614934657168 -37.2376860353229 -23.9265926777749 11.849271545359 15.8457818738735 12.1383182886028 -12.2162748943693 -8.34372817050601
Nandinia_binotata -14.3909935370444 11.2534240501971 21.3606510483309 -8.2189858708963 12.1045952389651 1.845147231833 -6.53179722572294 -1.48259600997743
Natalus_major 2.95046144166242 -10.7650598164562 -31.660697737865 -3.82394635513203 7.98548912536448 5.45934021099054 -12.3629567911832 -5.52072254517868
Neofelis_nebulosa -28.0918061480986 -12.2123606158934 18.5547853699731 -4.43836760454638 -0.0461099338810938 -5.59965565837077 1.02265307942662 -11.2462921775965
Neohipparion_affine 28.7378614585272 12.4918481590785 1.8741544486371 -0.055409469857176 2.31251502695952 4.04350985987221 -0.298950816446792 5.3198072980838
Neoparadoxia_cecilialina -29.4848272661284 -10.3897242152945 34.1124920294828 -0.988493676827837 -7.51548831172801 -4.32904456956685 9.31239788650563 4.03719505010891
Neoreomys_australis 0.258175607296222 -22.561593528081 -6.0430348914692 9.46484992386189 -7.97356056215035 1.81109141507719 8.91610342961527 -1.46518107803925
Neoromicia_nana -10.544858753488 -34.6623527728228 -5.47043806145886 11.7300800895756 13.7453941569649 8.86923327493204 -9.3859607724284 2.53074320609907
Neotherium_mirum -22.3191668758075 9.05578265695022 8.65088240399891 -1.623367888208 1.77963485267749 -3.05722725489791 1.64066913550977 -0.364411130485857
Neotoma_albigula -5.9104173250288 -17.7192307009868 -6.41254255326883 4.18423015292728 -5.88231318117933 -17.9042714443741 2.05588897374313 1.80416606601046
Nesomys_rufus -16.6297208064238 -20.0919011404404 -0.186568729862819 24.9859523179514 -7.42284030529383 -6.93959634335275 4.05460130926354 4.78129283661695
Noctilio_albiventris -5.13006718402012 -57.3870095799578 -36.251461085052 31.2628187870262 8.01034083760127 12.1712718781964 -9.37829531911154 6.41827436119083
Nothrotheriops_sp -23.3570158202616 42.6450055149631 2.24021470362975 -3.80943615584867 12.086924725073 8.70694269556005 -6.66943810224021 3.59025162249354
Notostylops_pendens -6.0053159180766 -11.0773396042809 13.2623340989251 -17.5397234896499 18.4352158317608 5.89411869896742 1.72923175581505 -4.26327867399019
Nycteris_tragata -31.6015693073125 -1.54887937974406 -4.50189818564109 6.47912693595744 -4.47613601908887 -7.51197061011649 -7.32627286862543 -6.58622275971794
Ochotona_pallasi -21.4264380386919 13.5825994726154 25.7857258889781 14.5286383112738 2.05152371508454 -0.915441911418331 4.57454166340405 1.41122871335583
Odobenocetops_peruvianus -113.904872576695 18.0602723120119 -15.5430470778059 -39.8349978697662 9.81398231581545 11.0769770826338 -9.82984605239677 4.90413585145829
Odobenus_rosmarus -5.99187439442755 -17.8447209233424 1.56908460921439 14.8039483412849 -3.00030108106929 12.169362065029 8.68787684019575 1.913327104076
Onychomys_leucogaster -26.7518874673081 -23.8849081124248 -9.16802614745501 1.20582177693269 -9.15000895211217 -19.3028229298384 4.27746611378263 4.39698436565096
Oodectes_sp -28.6807983558459 12.097294802288 17.8329407877075 -12.5200622128282 0.422361881421156 0.809584207842178 -6.76351191084462 -0.847911365290274
Orycteropus_afer 50.2574201198325 4.58858444633074 -5.32202322472716 -7.44742012377432 1.82745927130213 0.393121802050885 -2.21060473493442 7.02369256513123
Oryctolagus_cuniculus -15.2377823805188 17.7250045684004 9.95041424977383 -31.9236852302699 -2.70743396414629 1.65295571389719 -3.08226813565318 19.6627272712334
Osbornodon_fricki -11.7925948083132 -14.484886771244 13.6205241538282 -11.9622028132133 -7.90728242491085 2.76144094099338 -10.8312533445783 -11.4851730300456
Otolemur_crassicaudatus -1.83408158237302 -14.4724076741848 13.4248089370902 -10.2762840194147 1.35354674023331 -8.63937692485811 3.58042065631189 -13.2783103380405
Otomys_angoniensis -17.7001021437957 3.24120674211514 14.8616598696507 -13.2813782315732 -10.6524614497766 -18.7812384684898 10.5185349452258 3.86089527969443
Paedotherium_chapadmalensis 13.0050846751486 -26.1358495128031 27.1297256948149 -19.6458910217068 -4.91102782173852 -21.9798161715108 -0.596573668539109 8.49581358726437
Pakicetus_attocki 69.6307169466689 13.7001651425468 -11.7034080952199 -4.78827992022967 -12.1541646524373 5.51071333797236 -10.3722891214139 1.1696125215557
Palaeocastor_fossor -4.79154244712652 -66.8131385905969 36.4729430016257 -19.1580465676942 -9.88708143589386 -5.68381604048477 8.98377507342751 -4.65861449538844
Palaeoprionodon_lamandini -15.9995007651034 15.7737381223309 18.9165366507845 -6.07481552327875 8.18616223134649 -5.50512765813829 -4.66052586598011 -6.29669407594433
Palaeopropithecus_maximus -31.0720879087815 -0.367021736796152 28.0238098838071 -10.9399155857568 -4.59795465372034 2.7380320324582 -10.7686295272787 -7.82983189277955
Pan_troglodytes -49.6339888916102 -11.7768473207059 20.4356226807145 18.0385259414695 -19.7367178392844 12.4023701376398 24.2136194883746 -10.977666436527
Papio_hamadryas -20.5853903474364 4.56283351018295 28.0830089218952 15.1349276058611 -37.1614677299293 12.7789662343814 13.4356730604234 -12.6507717888646
Castoroides_kansensis 34.0529161168938 -38.2138614121638 39.0865382590627 -41.6599534402418 0.639527493418072 -11.7620188579974 11.8246223335739 5.47144450863866
Paraceratherium_sp 0.311815253706666 29.5328166427599 -7.56004187088271 -0.349116033381532 3.80328450612564 2.66246558942345 1.51734283622553 -2.086438321272
Paradoxurus_hermaphroditus -2.96849222723081 12.70097713504 22.8531316866132 -4.61306251646599 9.60283550286158 -1.37067789916456 -5.88052835587816 -3.38188977142415
Parahippus_tyleri 35.6734844641548 33.3130834859147 -20.3289442884977 -12.987883741656 8.27323047869682 7.24589659797078 -7.99207400466199 -1.24070864289872
Pedetes_capensis -9.636252317215 -27.6025156561286 -0.358791048642873 -11.5020458469792 3.137828954504 0.375861940763193 13.9984297238991 23.7155229138316
Petromus_typicus 12.6338499784978 -37.2443488704336 26.8874563819725 -4.9796999734869 8.89075676329411 -17.6244295405464 0.388619640242334 4.86792720025926
Petromyscus_shortridgei 10.7623789299113 -16.6477582616541 4.37092791865278 -1.70265961803897 1.31572803641299 -7.80460366481309 -2.39241007204158 7.06714439589023
Phenacocoelus_stouti -11.9295807635646 -0.995833767850504 7.83585107060121 8.27982081943041 -10.6696611469749 3.77560015324916 12.9844272253918 -1.99068865785732
Phocoena_phocoena -43.8000866700054 -14.8261043709536 -5.45597805158924 -4.45756784505125 -6.97906752215761 8.61201106870743 -16.2458544819812 8.34973052989921
Physeter_macrocephalus 1.53012783694554 -55.9978954526226 5.58108249691799 20.8754690267554 -7.74483181861879 -5.32799249822267 -1.0370380649975 10.7690944497723
Pipistrellus_hesperidus -10.7621838576716 -37.4986948346744 -16.5092106473871 10.9663811609365 12.6025568827619 7.66365183677451 -9.87885393436008 6.18005139916414
Platanista_gangetica -6.03398000829343 19.3719057601813 -10.9555600640997 25.791538168679 4.35361516107412 6.9790503007937 -8.18396091203762 -1.53124263529401
Platygonus_compressus 43.7397080900015 0.51874527359397 7.1884305485606 10.0236406307306 -30.5924651435189 13.3482944268906 14.2842145611146 5.49623963898225
Plesictis_lemanensis -27.4833161761602 24.0140599792943 8.53294209595938 -1.08858913703651 1.63427913342092 5.70971089787988 -4.99016419444817 -9.93310225717098
Pleurolestodon_aequidens -33.1232338837308 30.0982533689496 12.162582597492 -0.0165232570622143 8.17124733360717 2.46486039516247 -0.862209070993233 5.39530160915843
Poebrotherium_sp 30.793295223901 2.29586357675075 5.21033196484787 -8.81579828131674 5.75799566049921 -1.63970343526621 -1.85756682498414 3.89712581179667
Pongo_pygmaeus -47.8071066027021 -7.97268072098219 9.95409244085703 27.3643741105794 -24.8340822841385 13.0900976437854 18.3974380205692 -11.3548457529758
Pontoporia_blainvillei 25.3415977510564 42.4412197956067 9.54554566487844 2.22328752071552 -17.31164515922 2.19064733980391 -10.5690526966391 4.61199283346021
Potamogale_velox -12.6424452061581 15.4595673308261 -14.930058495399 50.9416376868401 -0.552854111843795 2.27363423925166 -0.152501384793536 4.70981536643554
Potamotherium_valetoni -46.5910325716995 9.47017000777796 19.1159902678372 10.3882757664495 10.2359252362644 1.73144959098029 -1.22286966531605 -9.30275274065585
Potos_flavus -42.7343220404571 -7.57643026883114 18.45528309289 4.39904484561389 4.1546284173446 0.986366386291263 -5.20200627160589 -4.69747370372666
Prionodon_pardicolor -18.0483998777541 20.2441891293501 12.9562015061245 -4.9561836526524 12.4330490904259 -1.2256640745139 -5.69087066501709 -1.50847390078006
Procavia_capensis 9.85941251379474 -6.84598594659498 23.2661512727574 -29.7327360181617 15.4625570725448 -5.58450635499121 1.59164718471495 -0.315730883502563
Prodeinotherium_hobleyi -3.55653186581284 -29.56058713894 -6.70101524131886 -17.1523022491586 -1.03157130924801 -1.28231963389778 0.196425860159774 1.9835018828247
Proechimys_cuvieri -0.084630418881638 -10.3596533011611 -1.29490923864915 -5.82519613866643 10.2994121880864 1.8159202919924 -2.66115988775825 7.45077232865995
Proneotherium_repenningi -28.6778074567639 14.0055360964604 6.12617275527113 -8.4782615767665 9.51188052090135 7.74431765428213 -3.00031717883928 -4.22051290839708
Propalaehoplophorus_australis -37.3373190917661 -27.2153838981438 18.3858755217703 -5.91539202016192 5.09585946488929 3.41673180030351 5.73501243165163 3.35936555286788
Proteles_cristata -3.7610509790194 -14.3311179573108 13.7857155073661 0.396348418255534 -2.42238260823307 0.583824857986739 -1.50536320595465 -8.52025186951327
Protosiren_sp -28.2361807104517 -15.9138227007551 -18.0540246573887 -1.63811497328969 9.52027781201917 4.47449181299444 6.48915110495746 -2.88589147834432
Protypotherium_attenuatum 3.03887124791368 -10.3685926253934 17.1954978910856 -23.2806220822631 6.11225858784169 -3.90823423832951 -2.86197192854017 -2.7696071472424
Pseudorca_crassidens -39.1967567357379 -23.8220222104379 -6.51373180693202 6.26689028470176 -4.69691561051005 2.65859348200212 -6.99883555466757 10.7147453290902
Pterodon_dasyuroides -3.19220489517701 2.17130417322533 6.48983364419043 -8.05724088256525 0.16803721256058 -3.38320895447685 -4.61244134774847 -0.00321098797905425
Pteronarctos_goedertae -29.7033764677338 4.393070795687 21.307851636465 -12.2553159726367 10.4308951708028 2.41168699291273 -5.43019049260484 -0.561272683864911
Pteropus_niger 13.4009910141721 20.5064526210169 46.4612123308223 -5.66858328615921 3.55263328217044 -5.74317708516217 -5.6128612740072 -3.72900493592221
Ptilocercus_lowii 3.52214490555931 0.0925183077394111 18.0838033847297 3.13032615991346 13.9147834529174 12.9129998574237 3.74898632848385 -9.08198692472772
Puelia_coarctatus -5.40309618607919 1.05631694646465 9.967588363416 -26.4258650122093 6.16607057654978 -7.83604692527666 0.304752828931044 1.69761582167951
Puma_concolor -33.4068916419115 -3.60257092890568 26.7644636106601 -3.28896027882282 -0.909644694685253 -1.67777020499886 1.59666192844893 -10.5146240589846
Ratufa_affinis -12.5472800019919 -29.1062968964168 8.21412629938159 -15.1075701870568 4.58863648996225 -9.66097361737791 1.74974295164884 7.19565894346539
Reithrodontomys_megalotis -39.3427488713474 0.444033397250613 -4.44451415044904 -12.2971181973742 -20.1565012581348 -20.2105703225488 3.63644965685904 6.81571916051975
Rhinolophus_acuminatus 12.7640132164912 2.24079330998711 2.1414592298756 8.35297874445597 2.25440884796931 7.41940449483466 -2.44859819634923 -0.634482586797471
Rhinonicteris_aurantia 20.6589301488843 -6.01870988410024 7.15469232012686 14.0946520744951 -2.04634904266449 18.306762407968 11.639087273119 -3.77236876409839
Rhinopoma_hardwickii 7.07834708519417 -35.8183175236982 4.25984392537934 24.1336414805994 5.30844717998328 16.6328711492343 -0.557495812331687 14.0943785515382
Rhizomys_sinensis 22.2827616125193 -75.8958397344072 48.9264102258365 -2.96429600305861 6.38714775171369 -17.8302154590309 8.05682085313989 6.31971104547517
Rhynchocyon_petersi 34.217512140123 -9.24341736343324 -2.52826368777669 -3.27088536626918 -14.7401661598331 -6.77926799135944 0.279300813720186 14.6092203077908
Saccolaimus_saccolaimus 15.5575653013521 -51.580126860075 -20.419012764433 18.2792517343021 7.34085904295516 19.2907684160167 -6.76347367229615 13.7944834997275
Saiga_tatarica 34.1835539553817 2.27812270413102 15.4251884133944 -4.98716689756801 -2.58840193655983 -9.41601130906776 11.0262125747473 5.92350512744995
Saimiri_sciureus -29.6722064551242 -12.9240956364045 3.11105834052142 11.0265647594596 -18.575868186457 9.36276871499525 34.3521859688962 -19.8212533774877
Scalopus_aquaticus 40.1245259622 5.25499464414935 12.0563974332584 0.486419336459726 -1.65869665650761 0.46648390254368 -8.44774784472527 1.4955130856178
Scelidotherium_sp 10.1518335048156 45.4505898476788 20.7564683202188 -13.9376709001313 -2.99589740693126 -2.31287951422404 2.11436858145998 -5.74964507711158
Schizodelphis_morckhoviensis 44.4765412933562 33.6824376657683 -2.85391450772243 1.48721040902897 -7.16668972661712 6.39360673112894 -10.1862040852168 0.721850675972524
Sigmodon_leucotis 30.9282666813085 -43.7182084837894 5.44931869298409 15.5777798137139 -2.19402425406229 -8.61419280946621 -3.81590285118465 4.37217142595695
Sinorhinus_cornutus -23.9638177810605 0.78325428658329 -0.64334079197194 -17.9687778305643 5.50148804041152 12.3306874610451 6.1604784884546 5.46667019134466
Smilodon_sp -13.4185804252812 -29.1135209353298 1.11123023626543 7.21661039350808 -15.4178993488982 -2.76098360649389 6.16918841975055 -12.4162440598854
Solenodon_paradoxus -12.8261057253961 6.87432121525531 -17.063025780624 51.4404008493813 0.532432206630771 2.43577484259007 -0.833910289103105 4.59701162851517
Sorex_monticolus -25.7122506900043 35.6185024278011 -37.3998044850261 50.9641518679122 3.58201137609109 5.87310906736564 -0.409017553876655 2.22240397514737
Spalax_leucodon 13.8271295819139 -74.5096271807613 48.5493325159894 4.48073947418377 -2.06718832202207 -15.939031669009 -9.27803516989736 1.12966714951365
Coendou_spinosus -20.5004235423614 -23.465264773326 5.51466563211008 -15.3460280641234 8.22195281241143 -0.730286479772827 -4.42194336043614 8.02511284354931
Stegotherium_tesselatum 80.6778232933686 17.9179966759451 0.556806270908153 -19.9470971679757 -25.4530667134182 3.56931712769831 -1.69705992845403 7.84241144856477
Steno_bredanensis -0.315135732728849 15.5842029962256 -3.24516164082379 -10.7026430408995 -12.1132142230579 2.51661980611677 -13.1168542825607 6.98965465354033
Stenopsochoerus_sternbergi 5.55741704137926 7.07674982138472 1.66493425694719 -6.66886552472544 -4.59534578883564 12.4709188651281 6.76774578661787 -3.80817877591039
Stromeriella_franconica -21.1522917132709 21.9985307061819 10.6893163116923 -6.7745885975164 0.808206525228881 -5.46498929840949 -0.429376120662884 -2.46960390121781
Sus_scrofa 36.7069470314753 -8.8839143819056 -3.26537995110958 -11.67671103038 -18.6343091223548 12.1468739102304 -0.0406387950043434 9.5241744341522
Syndyoceras_cooki 56.6254301700139 0.609457935185075 16.4218791689489 -9.21347611388488 0.0307139327917237 -2.34879086400258 -2.13222599706557 11.5297727786031
Tachyoryctes_splendens -19.1493846376763 -37.8534667472628 29.4585901597721 -8.40391441125335 -11.6455952202059 -22.9773965775161 -2.85862076206821 -4.31234441244822
Tadarida_brasiliensis 8.0616413476552 -33.4056329493427 -10.4066155738636 14.6182823431228 6.10933246019572 11.7524064363429 -6.04472474351858 4.40515108032155
Talpa_occidentalis 26.3574337378357 19.2658041907663 -4.92681586330137 5.11925462108335 5.40074917062497 5.59425056479491 -8.76745438522168 4.41294180651306
Tamandua_tetradactyla -5.19543604610224 63.7437710603167 -27.4699995759519 44.3607917317508 -2.14801156197058 5.30935452984519 -0.215975292500728 2.01270079220472
Tamias_striatus -5.74068564264607 -9.07153860413478 1.9168936332971 -21.4927585855426 0.402642889368975 -13.1191315093172 -3.25620112953008 6.69598972689929
Tamiasciurus_douglasii -14.7321487653291 -14.7622287943947 9.83507367278133 -18.8626592681813 -0.0809206202278752 -12.3673925504477 -1.01919594290688 7.90810093457724
Tapirus_terrestris -22.1187341478544 -5.22967759450382 -18.5934436715533 -3.2344158041652 12.0411690249475 0.953658032196653 -0.578238638395927 -8.90327715178352
Tarsius_tarsier -1.07669130977667 -38.9507659427115 6.22784550228882 8.66493657294739 14.224541667698 11.9363083363428 25.1430188684205 -10.5575466943167
Taxidea_taxus -34.379463339523 7.52456057073027 16.3275190187669 -2.13065782960296 -8.77534911059299 -6.60217778922278 -2.5368667299326 -6.36940735684757
Tayassu_pecari 31.5870905366404 13.057622943843 -0.968764892365548 -7.74981945262099 -25.1436317640018 -1.49285419282733 10.4118791307024 -4.13807913843375
Teleoceras_medicornutus -63.486535120131 78.4671350520265 0.634055384235811 60.9551277703105 -4.37648952033783 -0.0146067103337436 11.1613238636275 7.99623785871882
Tenrec_ecaudatus 57.6319210673416 -8.78115002391445 -13.3609848594206 -30.4325180285567 8.97017188841531 8.41118749689232 -6.81079323961152 9.66972800011647
Tetracerus_quadricornis 37.4500602572053 19.6729511977211 15.1368539041133 -3.5253174292153 11.4493524230868 -3.53996361777514 9.60353535540705 -6.31466531410873
Thalassocnus_sp 23.1033265548787 29.2387623321267 21.4440599890368 9.60817554677723 46.9553017937394 9.94399537192176 3.98725003814773 -5.80044374132516
Thoatherium_minisculum 15.5520700729255 1.76898227634773 3.08215402131542 -13.7389245219007 4.0700290692528 -5.30731818150114 -0.830750110976341 -9.30650211395282
Thomomys_talpoides 5.77534740470636 -28.1110090369508 26.2837364121025 30.6002711780692 -11.7986560518696 -7.83022679311001 4.55718603785723 5.44945474803278
Thryonomys_swinderianus 9.44825129184095 -40.9856002104978 5.25906914699946 -16.1130015947879 10.5884257636386 -7.25431062903708 5.51132819959881 4.96762616825754
Thyroptera_tricolor 32.2203825151572 -34.3112799312629 -34.2985866343295 8.85974165462707 11.2802245932528 12.8680671266444 -14.1913685413806 1.15829243266745
Tolypeutes_tricinctus 28.4623908482177 -2.40889666108907 -4.57860982829884 -7.26003231995593 -3.18787124097967 3.4077496820601 -6.35697625849636 11.8103683661776
Tomopeas_ravus -29.0048006843003 -29.9599542945103 -34.7952249217278 24.4274679456598 12.985923412304 6.64598796405868 -8.11887475781523 2.10221553984286
Tragelaphus_scriptus 29.259643944797 18.6561329095115 9.46937956704891 -6.3779672045222 3.97138404175949 -7.06220767573675 4.65119407534545 -6.44205533360315
Tragulus_javanicus 41.4315649821622 3.04895229614285 4.52843748380163 -18.3766022090881 8.71909657885915 -12.5784230430867 6.46053091712519 -11.5369790776401
Trichechus_senegalensis -70.1458894535731 -9.75382063967186 0.0239543360112594 -16.1627990014768 9.01995913535981 -10.538949875544 14.2320640178216 -8.68661057365788
Trogosus_grangeri -16.5155265757303 -34.0408466448541 9.4517763347831 -6.12569825731102 8.8171942773693 5.44076792404774 -16.3779264070669 -5.87882711322042
Tupaia_glis 17.9017926201188 -8.24163822031971 6.26969731639117 -5.48264249689906 6.91030904906166 -2.82934034877365 -1.60302468749998 -5.001862387706
Tursiops_truncatus -2.1097557964412 -4.62429373508708 -0.527452124858675 -3.1831764182122 -10.7919074108966 6.02827695953042 -13.8193866898316 6.2865817038793
Tylomys_nudicaudus -19.54458269925 -15.4985846803438 4.53751005559274 -3.66762842767593 -5.86193543302232 -17.5488751430445 3.95312251170732 6.07129376115271
Tympanoctomys_barrerae -9.8196023699216 -7.49920259924771 13.8804851762403 0.936464329514359 9.60231087679795 3.48479613898839 1.97536578855927 6.76775057492354
Uintatherium_anceps -3.00615726983206 16.7472268823645 -21.4244311243478 -15.2849343900276 -6.63919425852238 -1.69293765702914 -3.28493713155334 -1.11715261018643
Ictidomys_tridecemlineatus -1.15872757452684 -18.6327125029864 1.65358970437048 -13.9758959681244 2.63884343375372 -6.4906696830234 -5.34716322557349 8.30233349053337
Vampyrum_spectrum 21.3354008337676 -11.1892359014648 -14.29803533324 7.27829092808434 0.554457174100945 11.1673079876891 -7.88984929436021 5.70559756359427
Viverra_tangalunga -5.98563968496995 11.4497875752829 15.4693944764315 -6.82098642795772 4.09626995467091 -6.54569731973754 -5.47033808238155 -5.26054319576492
Vulpes_pallida -7.89953321902877 8.67116016099662 15.0872283442819 -12.9480196985202 7.68441503300628 -5.28704693058039 -5.70070588370065 -6.31737456022613
Xiphiacetus_bossi 44.1101500918027 35.9059627058679 -2.50604590442151 -2.8084549022974 -11.6011868103762 5.50470478777241 -9.41504022965259 3.06185902907512
Zalophus_californianus -13.2398228927696 4.12949139552678 0.613327504867213 -14.0872427531907 6.03167757904253 -1.64687629685002 -6.61309530020534 -4.67873485792348
Zapus_hudsonius -9.1664975340183 -27.0752157634409 -8.85469325526734 -15.7942062815206 -3.79651229751394 -15.3135649124138 -0.0757797467095152 9.94754209205485
Zodiolestes_sp -19.7192322499096 9.9963633078425 31.7765045896351 -11.6010532432878 -0.85586477290392 -2.26555703318292 -4.28660475620575 -6.0784963338095
