Acinonyx_jubatus -16.5930199499526 -4.57844247544763 -4.31463733955303 -5.64849856257106 2.6337931914719
Acratocnus_odontrigonus 16.8125260996636 -13.7142209463157 -5.20278342593422 5.8170907540328 4.57765748977461
Adapis_magnus -6.53072288829624 3.70638743649268 -6.27037422381804 2.23195996405134 2.48583433520723
Adinotherium_ovinum 1.12652433711304 -7.188794789178 1.41231906199299 -4.2638369250025 1.76852031788306
Aelurocyon_sp -6.99258512230617 3.42198345599534 0.334593578893371 1.99235828788891 1.1299888659034
Aepyceros_melampus -36.8497421832095 2.53242842222008 6.82454533457494 -8.57504799328613 2.10460018984763
Aetiocetus_cotylalveus 23.6416751688909 9.84333376120032 4.0104768539336 -2.95503476760623 -1.80238303287421
Agriochoerus_sp -4.82848949693256 10.0679916617525 1.35810786153072 5.28054380065645 -0.946612912177191
Ailuropoda_melanoleuca 12.340639697486 2.30354788352996 -4.6386484167788 -3.64270869129906 -0.317912893418386
Ailurus_fulgens -0.0375485920572577 10.500439448076 -0.0386280368555477 -0.241720862515919 -0.587740542914488
Aletomeryx_scotti -20.0911569535538 1.20164086353619 10.6001385870962 -2.36292008829561 2.85545231806838
Allodesmus_gracilis 10.8694515716637 3.98952353075628 0.806155963639503 -9.01062757866441 -0.58766543104013
Alouatta_palliata -10.498174422891 -15.9929981277819 -6.29914235696298 3.03876809547002 -2.17850904727711
Amblysomus_hottentotus -12.6533537796134 -5.12150931748709 -2.73409870863427 -6.02777163159519 -2.7421874222958
Anchitherium_agalensis -10.0880627579037 7.80559350205198 4.69830958226124 -1.99704990557963 1.28088132349916
Anomalurus_beecrofti 12.386723167242 -6.66289111806883 -1.83737462116295 -2.37388618826765 -3.45503579171178
Anoplotherium_commune -10.339564164354 10.109459635637 4.4613054415145 0.199725687530665 3.95745351799873
Antilocapra_americana -15.8501935215477 9.25770266293222 -0.615665325865446 -4.6927419938037 4.15836718916707
Aotus_trivirgatus -14.2380387853305 -4.11130604033329 -22.1806879225178 -1.02876521881241 0.244149600656435
Apternodus_brevirostris -12.8595910823875 -1.17853154868464 4.83786886090725 0.627922255114631 -3.676522829036
Archaeolemur_edwardsi -1.44581430284208 -13.860559600687 -17.3549537048261 -4.1170356509312 2.89032411906303
Arctictis_binturong 7.09100319394446 5.99697487067947 -6.0987197330689 -3.85990099329702 -0.129624540312074
Arctodus_simum 7.32061044225143 2.96664355190135 -4.07314331028743 -3.56289958362932 4.32813749034289
Arsinoitherium_zitteli -5.4694777303872 -16.0704867779405 3.54525915286718 7.98219487948742 10.3980308783314
Aselliscus_tricuspidatus -39.7359058086627 9.84964980231687 -1.44435659122297 0.540355092913461 -3.40784844166392
Astrapotherium_magnum 8.43199216657292 -4.10292692993919 7.50643442593663 -8.05311596569611 3.76099228733687
Ateles_belzebuth -24.3873686525579 -7.60765166591702 -12.2141969641503 -3.60961498122409 2.87451472757092
Atherurus_africanus 9.0038868523569 1.95528973785838 2.11099830052014 -6.27175610084165 -0.637845472759984
Balaenoptera_musculus 27.8427027534788 8.96315881847166 -6.92037790438004 -12.740889313089 0.712818581885157
Barbourofelis_morrisi -30.4244782277397 -3.70651442045118 -3.57792710791433 4.208233966658 9.19813885338481
Bauerus_dubiaquercus 3.54913045812379 -4.4800694552713 0.654777139489068 -4.7091307495613 -2.32955536178719
Bos_taurus -15.92112111863 -5.42287942274645 5.30898039718621 -1.44382973091597 2.99783284958951
Brachyphylla_cavernarum 4.13538558075355 8.20332337103857 -3.90439683275132 -4.96241414163637 -1.33807422137068
Bradypus_tridactylus 6.098743494378 -16.6398326585052 -10.4242698389305 8.65775268971599 4.67329878994144
Brontops_brachycephalus 6.00244386192047 15.1873986472919 -4.63945701661472 -2.19185461139754 2.98935506007145
Cacajao_calvus -21.9168995623133 -10.3715643731938 -11.7308898642948 -3.51717351784857 -0.463967559898774
Caenopus_copei 5.90838955518144 -3.84246490560666 4.85304669491774 -4.36040112531936 8.20560038758257
Cainotherium_laticurvatum -7.55542419948505 11.8531373731976 -6.24730770772463 2.9368961903788 -4.45009110857981
Callicebus_moloch -21.5634619235183 -11.209735209824 -15.9397890215023 -5.23234264843581 3.23565987824543
Callorhinus_ursinus 3.02278043096757 1.44584854954381 1.99121834719929 -4.4968855997513 1.36676460842843
Callosciurus_caniceps 2.24041084066058 -2.32813709084034 3.15454989290235 2.52919947257769 -2.29981498388776
Camelus_dromedarius -0.673884323835457 -7.58874957455246 -0.576747330569545 -0.551223882728501 2.2684868205696
Canis_lupus -4.4360938931393 -0.323265053965597 5.88713360594535 1.6824334686294 -0.898280024526883
Caperea_marginata 25.3120627304271 1.0278661107409 -5.25208274833673 -7.35372120767556 -3.24757383000936
Capra_ibex -18.6325232762704 0.964724617043613 2.49297898457617 -4.021356637303 0.577108702794169
Capricornis_sumatraensis -6.859376060872 0.333606014556727 3.11807438480182 -5.74314438737781 1.399897576444
Cardioderma_cor -10.3985300776929 7.48997270970976 -3.59336085239657 -0.55805282282292 -2.17590614679133
Carterodon_sulcidens -7.21603956858196 -8.63151495142846 -1.40856021218657 -2.94676414062169 0.250836614452269
Castor_canadensis 18.1491096092093 -9.591109459721 -0.573561088953368 -7.22197242897787 -0.645707240001995
Castoroides_ohioensis 26.3515111164194 -17.1933390175407 -6.39530954067504 -3.95182765467655 2.58729026847743
Cavia_aperea -6.06843648168099 11.6279481618887 2.77091955615692 -9.90741765805224 1.06934565478656
Cebupithecia_sarmientai -18.5786488163446 -23.3232003327978 -9.98584746401893 4.08470812651847 2.39421331052422
Sapajus_apella -16.4937504571288 -6.30716233420799 -18.84885146169 -7.39027919833016 1.70557794959736
Centurio_senex -32.7716173056345 -8.80344259739602 -7.65734395725212 -5.12026982854686 -3.90883037480546
Cephalophus_nigrifrons -17.3100662529787 5.47179125705667 0.725567576961258 -4.50379432543928 0.683727939692513
Cephalorhynchus_commersonii -38.219908974057 -19.4963977724648 2.33754751872587 -4.45145467870503 -4.88553112158665
Ceratogaulus_hatcheri 6.32398541048394 -14.2500157625108 5.30835910319705 3.61998169152987 1.58763502306546
Cervus_elaphus -13.873978070788 -0.53254644790689 4.21854815550769 -6.87478928787878 0.847162266889073
Cheirogaleus_medius -11.7176217557173 -0.33960603821796 -21.7731707177611 -0.602298924794221 -2.75448050335404
Chironax_melanocephalus -10.2769423246075 6.41530625557516 -3.61467133296007 -9.3519834012652 -2.59150230752712
Choloepus_hoffmanni 4.03329343060675 -13.0366238607207 -4.30266666490041 -2.21600908148965 -3.98572214888752
Chrotopterus_auritus -15.8537845805999 6.8583245462109 3.51639300225664 11.3388555113437 -4.94327323803761
Chrysospalax_trevelyani 1.06452901521039 -11.7785198026937 1.74474821328797 -1.48590045757615 -2.32562826509326
Cistugo_lesueuri -3.92677589886792 -2.47319576263594 -4.73977713355703 -3.0148132155895 -0.154924259747679
Coelodonta_antiquitatus -20.9138399785925 -11.0605967862145 0.837895199254592 -1.82614785453677 4.34355920450598
Colobus_guereza -4.33890879428671 -10.2855690313572 -17.3045549914639 4.77476040997538 2.27177585085644
Coronodon_havensteini 0.226385622589524 4.72172643331572 -12.8835736620923 3.81131014311171 0.322672292082502
Coryphodon_hamatus -18.8188498315512 3.98818301024296 3.25935517989909 -8.58778591698679 1.52907353758941
Cotylocara_macei -35.6804960549236 -11.4925111276819 7.27620649827234 -5.8563409065332 1.39490708460218
Craseonycteris_thonglongyai -16.6531503124169 -10.0392450941039 -5.51539360417713 -2.7598209212575 -1.89733584121836
Cricetomys_gambianus 19.4320858803265 -2.84002839166344 3.8666377999043 -0.749185115096467 -2.62084596734466
Cricetus_cricetus 14.3825269610381 -12.6408680210539 4.73929770472355 -2.79553431452425 -3.01454404248946
Fukomys_mechowi 27.0765225004013 -8.65512826258615 5.10815303789022 -10.0738932491604 4.42331811578627
Ctenomys_knighti 1.86436632533017 -13.8514516327482 -2.03501290375478 -4.0982317909637 -3.69647211566756
Cuniculus_paca 6.75836142307871 10.8019869470486 0.983988317196663 -3.53745284766412 1.52122832140852
Cyclopes_didactylus -30.7344417053579 18.5409768496306 -4.01224602882954 -11.8942363883627 -4.47651239808386
Cynocephalus_volans -13.5809979859955 7.31350740852873 -5.13874209647904 -0.482056296632524 -6.48550513600671
Cynomys_ludovicianus 17.4755296458251 -6.55668431940821 5.94677993632711 -3.63331895477409 -4.27207984259508
Dacrytherium_sp 6.86072473369543 10.7713542018367 4.42891308924453 8.15810974725443 1.00702386060102
Daphoenus_vetus -7.22291494960517 4.97839336955806 4.35307155552368 6.03594568405298 1.00084363173713
Dasyprocta_mexicana -9.62042509554061 3.54290550229697 -1.48267807239825 -5.12009511339661 1.50958513752075
Dasypus_novemcinctus 12.0077977492244 5.86287324423521 -2.22717461117723 -8.47220462963988 0.208732729029121
Daubentonia_madagascariensis -20.7585857603044 -17.7185786464551 -0.0573045668847261 -4.12799288832061 -0.127834174946276
Delphinapterus_leucas -28.3917027747479 -10.7750481809725 -5.71703764518105 -0.888529155593221 -2.90786752937173
Delphinus_delphis -32.1603306065613 -13.8898124626309 3.86090414332582 4.44788633355908 -2.30273212862561
Deomys_ferrugineus 15.2781888997409 -5.93546840400102 5.27254277925376 -4.87038093196402 -2.5699212249686
Desmocyon_matthewsi -6.56311877000785 4.85975071635927 2.33765634695925 3.20412241549633 -0.937570364689455
Diaemus_youngi -13.842209313743 -13.3626051744701 -8.49707865039173 -11.1720951632203 -2.16417296354607
Diceros_bicornis -6.84593060545026 -27.9468802576327 6.02320888772093 -9.75349912225087 0.552383364365571
Dinictis_squalidens -14.1495847108144 -2.24329005419164 1.0035799445571 -0.00645998367345252 1.28876053093954
Diplacodon_progressum -7.66689424471758 6.46953360723593 -5.55253831043219 -2.20537147877735 0.192623938144883
Dipodomys_ordii -11.5182798791595 -9.40685522881416 9.31122512824572 -2.8219294763163 -3.30727885052446
Dobsonia_moluccensis 5.9411050784455 10.5143906097847 -3.59315626505962 -9.24257098459342 0.663131565397325
Dolichotis_patagonum -18.2635226229802 2.97673811099731 -13.7232654038116 -3.00389055114105 -1.77472767172466
Dorudon_atrox 37.7365359080649 7.68916063599112 -13.0747630940659 -4.98589877189232 0.229098343692179
Duchesneodus_uintensis 0.69758186394522 6.23234637244656 -4.93578595146953 -1.66390669076811 2.32146961387995
Dugong_dugon -1.83325841213874 -16.8883121747866 -19.8128416166201 0.44053893925461 3.26237967512217
Dusisiren_jordani 10.1175104721573 -5.73030396848134 -10.1157869453673 3.75548764056353 8.02512016539868
Coendou_rufescens 13.3498444204998 -3.39410090029689 -3.79802734015728 -4.18584601841431 -0.622092849970718
Echinosorex_gymnura 1.57777017191475 6.07149931075547 5.29504560894298 -1.34876763410593 0.259247009590397
Elasmotherium_sp -11.8404213611725 -4.5806569784126 7.24768885010232 13.5066157382446 2.45805368744728
Elephas_maximus 7.22454729080029 -29.9518574777798 3.46723407533027 -1.14431245588747 11.98829365757
Eleutherocercus_tucumanus 30.9363681800711 -24.6888232895957 -1.94131383746801 -6.6964997310486 9.40673337039343
Elotherium_sp -9.0499855511655 9.93719032460268 -0.0625846607034133 -7.8212936722653 -2.53948807429314
Entoptychus_sp 10.9831292459078 -12.9434607799782 10.6611421848458 -2.47424582854904 -2.59818567354252
Epimanteoceras_formusus -11.1396646998073 12.8267934915084 0.0306800680594857 -4.33146345550123 -0.60092384464927
Eporeodon_meagherensis -0.262147348701853 9.1301547371002 0.843068115589692 -4.44281665435059 4.04827536721741
Equus_caballus -19.3932878047144 -0.25429399155387 -2.79855457694031 -2.43186198237185 2.53618277709761
Erethizon_dorsatum 15.3475546507068 -11.9860019318644 -2.75616139891336 2.66892694298406 -1.70175121470352
Erinaceus_europaeus 4.18847280350202 1.8610781711274 -12.023013509866 -0.443508394422961 -1.07459929001335
Eschrichtius_robustus 25.3720264225683 0.8294204609803 -0.87431717821406 -6.78407244193269 -2.88162975636054
Eubalaena_australis 26.9587969459591 -0.481762543967323 -6.15824544809757 -10.1989458156142 -3.73785606996855
Euhapsis_ellicottae 20.2635625524008 -20.3663539206488 6.49273076547979 -9.32595420205717 1.18479751519766
Eulemur_macaco -1.95921408872948 6.34798217983236 -18.1517806989231 1.61625192264007 0.304925336725812
Eusmilus_dakotensis -3.85341959581893 -5.39990173072098 1.56819308948362 4.356119990546 5.73638020675655
Fossa_fossana 5.19901894227986 6.60991338080104 2.60125085489075 -5.34705046352524 -1.07260077356022
Furipterus_horrens -7.97532299222541 -7.03354163400322 -2.37755460104045 6.0152786864988 -4.58792367377571
Galidia_elegans -2.37914592043626 3.34667359585015 1.25714439687264 -5.52471081791021 -1.71503039949015
Giraffa_camelopardalis -27.3537182100035 -1.03787563320981 5.78264578795313 -5.18997543525354 0.792848289841608
Glaucomys_sabrinus 11.0095327205422 -6.58119419247266 5.00074075626346 -4.1911975326217 -3.46942671831573
Glossotherium_robustum 0.985571387348142 -9.78993085163969 -4.96801748776633 1.93887957526834 -0.67488526563875
Glyptodon_typus 39.4536094832247 -19.5884483495082 0.319535454136488 -7.53685611433681 7.71729299679198
Gorilla_gorilla -26.3237671799703 -28.3250309510893 5.62506752443345 -8.06868053489992 1.05434136647137
Graphiurus_murinus -0.565683701715027 -3.99721011322093 -1.84034645334045 2.16110919995034 -2.44048010250447
Hapalops_elongatus 10.5760559947556 -4.14055948913219 -3.58736373936222 8.60176259338423 -0.58498351868449
Harpagolestes_macrocephalus 7.45100645564034 11.0622799516137 2.40836371983137 12.2340130338916 -3.33776745399658
Helarctos_malayanus 2.93504552728047 -6.10326812772233 0.0284782923328837 -3.57956140667783 -0.103604800413025
Hemigalus_derbyanus 0.281454202673033 9.02865940920554 2.37811072003439 -4.04057139292978 0.117737761122264
Herpestes_javanicus 5.21735454091522 1.26735572929279 5.91813236313842 -5.25390997519735 -1.04833819157506
Hesperogaulus_wilsoni 17.8002169016499 -8.6842257724947 8.39559716996692 -1.48216205825716 0.0804480704163044
Choeropsis_liberiensis 8.77879343693568 -8.322992496257 2.57327568021809 -9.35113870634547 -1.76302041959474
Hipposideros_armiger -31.0245871444263 4.90771399567108 -1.7416311427438 -8.74616929076882 -2.03075846408773
Hippotragus_equinus -3.41958460015867 12.3886092823518 1.46148713196238 -1.96100087123074 2.96119066437831
Holmesina_occidentalis 9.34681830460521 -0.0202786652552398 -9.037836974468 -4.42846970582019 2.41412337833982
Homocamelus_caninus 1.16184738651941 12.0101205933461 1.93235760533508 -1.0678054831614 1.88075558717858
Homotherium_sp -9.93653851139504 -3.11344317979286 1.79943288404381 -1.09494506530259 1.26196010774667
Hoplophoneus_primaevus -8.28111095891463 -8.83223555706619 -1.59113064359522 4.0462893050026 1.92366473622874
Hyaena_hyaena 2.44072238804327 1.2914641061868 3.91674824457606 -3.72271411853676 0.557005386804831
Hyaenodon_paucidens 16.4216464714585 6.44350988837985 5.98073845273493 -3.70080979796532 1.48069485655188
Hydropotes_inermis 0.650177610582073 4.85660310643697 0.268812205821726 -6.92321257459897 1.76898173625105
Hylobates_lar -7.21700332235813 -6.26402304104146 -20.6327698368292 0.646867574575803 0.564672696185121
Hyracodon_nebraskensis 5.89650437467349 -5.41229540899894 3.60790774705935 -8.52832397791953 4.63160935453566
Hystrix_cristata 11.3414696963732 -1.90490234479343 -2.83431925383047 -5.05342694037641 2.21440690269872
Ictitherium_viverrinum -7.80566730743279 5.28564965694617 -0.608305852479446 1.30915465145653 0.618816500603205
Ictops_dakotensis -0.279373677353809 7.66420777437771 4.25571326156455 2.5650835195294 -1.07020332852226
Indri_indri -0.445915124866753 4.42322070827318 -15.2255196516437 -0.760768838859393 -1.29657550577421
Inia_geoffrensis -5.63629900524582 -4.50897227085759 6.1278606789961 -2.62627566803018 -2.50951411728273
Kannabateomys_amblyonyx 14.1647336193871 2.20819713792262 0.75131565961795 -5.86930205720911 -0.534460819505232
Kerivoula_minuta 0.0847663911999151 -9.48492268745375 -5.68118610701353 -4.32634475234282 0.377604225316117
Kerodon_rupestris -14.5967537042055 12.0073325030082 -13.6449058702401 -9.89316443086169 -2.66534766316824
Kobus_ellipsiprymnus -22.2267626415888 -9.54216299326421 5.87127410997028 -10.2123054590434 -1.78668419054316
Kogia_breviceps -41.038291888011 -3.37898890000926 0.363160833576274 4.33364686826736 -1.13994079163668
Lagenorhynchus_albirostris -33.3927515979904 -25.7855368760879 -0.29573389469527 2.47840843073196 1.69701454292711
Lasionycteris_noctivagans -1.92896223191714 -2.35508510826052 -4.31193110833993 -4.56013220171063 -1.10192237052304
Leontopithecus_rosalia -11.8688265824294 -8.24305835646248 -9.91487205428815 -1.18181743326612 -0.544903826884792
Lepilemur_microdon -6.73372343506464 3.13196744851582 -16.6280520202951 -2.69253745370362 -4.14336892938749
Leptictis_sp 0.830971124146346 7.03170711992247 2.11523306386123 -1.20265042392518 0.065062242724358
Lepus_californicus -18.1969548283987 -3.64631650560606 -8.55358260137974 -1.74177047518444 -0.866129446589112
Lontra_felina -5.62156546293494 2.39969129705564 1.24800973587235 -3.1605221533081 -2.13111686149975
Loris_tardigradus -12.5162481866216 2.29567652182849 -12.280756378756 -4.41925448113626 -1.10917199695078
Macrauchenia_sp -26.7134739798325 -5.89321776528385 -1.19282911831165 -4.68509748618042 4.54378024482807
Macroeuphractus_sp 2.15231967031204 -8.64161347543703 0.0887310001261464 -7.01691661355395 1.40577141169026
Macroscelides_proboscideus -5.24771686013565 -9.16518387472309 2.53444473986263 -0.995571531490579 1.41425459122809
Manis_javanica 16.9616431977433 -0.623893832916109 2.19826818385308 -14.174055661294 -0.508581081972149
Massoutiera_mzabi 3.54572563828743 -3.34685632498912 1.2887726370006 -3.30346746032823 -2.01295411455606
Megaladapis_edwardsi -4.3587130383899 -9.09748076635751 6.67059566036034 1.42444477779368 5.78296365922644
Megaptera_novaeangliae 28.5245124643599 1.68553027991468 -10.6811826435451 -10.6038498136968 -0.522590134183217
Megatherium_americanum 6.15197452565148 -16.4927396525396 2.06412786027875 -5.66220005106679 7.20256768900487
Mephitis_mephitis -13.8045001469557 -1.67203721837492 -0.293486583086791 1.50224183313496 -3.73258088945177
Merycochoerus_proprius 5.35314872718306 -1.60475608197045 0.172406462825236 -7.53940325928439 2.8961950718099
Mesocyon_coryphaeus -9.22017366295506 1.55050610253889 7.35431231687216 2.83550015563476 -0.570704457677936
Mesohippus_meteulophus -13.8938383542132 4.3950236709971 1.53272039190721 -4.89133785273324 0.980615135098811
Mesoplodon_europaeus -18.3127245047566 -13.4618673340536 -2.18208070840109 22.290459407566 8.45542850408262
Metarhinus_fluviatilis -9.949383485403 12.0283013042745 0.0321995267342382 -0.128674454068421 2.90137531994199
Micropteropus_pusillus 0.473114854764644 4.9515664028353 -6.56858271906668 -2.87669558080187 -1.93321698787676
Miniochoerus_gracilis -1.42253240220716 6.87554291425394 0.953684271427532 -2.0502592608194 2.29189357547321
Miniopterus_australis -11.5888585293587 -8.93669464069357 -0.688320734028976 1.50637008641928 -3.60075474892115
Miolabis_fricki -10.2499901127209 13.104297191762 0.38983910955383 -5.54986884601256 -0.794608733155337
Moeritherium_andrewsi 20.6041832154856 -11.2497517740462 -9.02989432513879 -4.85836912072227 0.602326891053222
Molossus_rufus -14.0596771853515 1.98736775258014 -4.17674199869272 3.92832810549295 -2.21370754365143
Monachus_monachus -16.7899674131037 -1.58884060566249 -13.5332031500988 -8.98759975723967 -1.39945793437464
Mops_thersites -3.10741901496782 1.54131217017027 -5.01798250508085 -4.11129910282096 -2.72898098675587
Moropus_elatus -2.63101988744727 11.184907968557 -5.03790495767081 -5.57092865116087 2.38818327271898
Moschus_moschiferus -14.1874420344671 -0.60640062443023 4.67018584856362 -7.69554189129517 -0.0505020729420754
Muntiacus_muntjak -6.23704108294578 0.738631703075746 3.41253413910509 -8.99223906111792 -1.0390588287424
Myocastor_coypus 16.5206602311269 -4.46946218965048 -7.50130217948164 -8.30936660289651 1.32727897357555
Myodes_gapperi 6.21083933254778 -7.6899135294724 8.36961367776849 2.86900851999254 -6.00397435521253
Myospalax_psilurus 8.43720634633702 -17.7567623920285 9.37070995487304 -8.47138431199732 -0.574459757624814
Myotis_vivesi 8.14774447137865 -0.813752298758178 -4.26515871146284 -0.994040897111799 -0.590048195766183
Mystacina_tuberculata -6.97242755428115 -1.29169569463005 0.686835101820421 -3.22325375452985 -1.09473216625555
Myzopoda_aurita -23.8367465101782 -10.0666050797732 4.98841038488563 -2.0764748456686 -1.5490185714503
Nandinia_binotata -8.45147679486008 7.90724933741749 2.7690335107952 0.194740217255258 -0.0193596616715671
Natalus_major -1.25678995593043 4.64957562170364 0.679082585890389 -0.84155843405633 -0.332807636459897
Neofelis_nebulosa -10.1610076121651 1.02928238676913 2.1676726275575 0.206571068532337 1.49395232083053
Neohipparion_affine -10.3498892324835 7.54171482393545 -0.699970319596546 -2.96795003611819 2.52078969452248
Neoparadoxia_cecilialina 19.3422362443797 -19.100649273644 -13.7595431455732 -2.46174041686133 2.8330596513507
Neoreomys_australis -4.8235761328054 0.725918430168011 -10.2324152161595 -5.78131800986486 1.7325479884047
Neoromicia_nana -10.9219321265064 -4.74361472318254 -5.01958059428887 -4.62417110965572 -0.569893067256975
Neotherium_mirum -4.31527280678394 0.384229561200108 -0.920885821905037 -0.514810490055136 1.306411134955
Neotoma_albigula 10.1848872192348 -0.983399675128265 5.01670310027864 -4.64538623355444 -2.71408155510153
Nesomys_rufus 12.1480059173137 -5.43248589183245 4.78065348394357 -1.99314004286203 -3.04763796259845
Noctilio_albiventris -3.02521109225081 -13.6527883680866 1.12302001554001 -2.45247329245881 -0.242234253632406
Nothrotheriops_sp 2.80044049293754 8.70786621406921 2.37358853755038 15.2038653089046 2.64529045703039
Notostylops_pendens -8.09828055091122 -3.45946205082101 2.44652925482914 -0.601344766857383 2.83070863604676
Nycteris_tragata -46.1880548322152 6.1885040000096 -2.46548406739983 -2.81237713117923 -3.8200119002555
Ochotona_pallasi 4.39521849412977 -6.00823730524426 5.67275189115445 -6.66406719003623 -0.24144686110972
Odobenocetops_peruvianus -11.3303056300414 -39.8743115116795 -5.79264156257606 7.87791110443992 -8.19809634988591
Odobenus_rosmarus 1.73773297856721 -10.2052957679934 -3.46282390403301 -9.8314131456759 -0.862555291839143
Onychomys_leucogaster 13.9273638176645 -10.1743927801938 7.44112214773254 0.347122756594894 -2.70867363060178
Oodectes_sp -5.71893569714528 6.356903319923 2.27145403005376 4.2217780623509 0.80444242665945
Orycteropus_afer 11.9282362811266 3.61552055646141 -1.78710947974102 3.66110868570372 2.12064103157696
Oryctolagus_cuniculus -4.15897432039877 -9.48869795687227 2.56758039492243 -3.57564494435285 0.803606373350582
Osbornodon_fricki 0.678189643733157 7.00833637672317 4.12473942051379 1.36332812972093 1.62076741555929
Otolemur_crassicaudatus -6.87914998165592 -2.32492844701378 -18.4751972282073 8.25041725926007 -3.57460502096235
Otomys_angoniensis 18.8057591750779 -9.42764976933905 8.89759947612906 -3.45273527951981 1.50442596403796
Paedotherium_chapadmalensis -6.94994359654542 -4.03729023909381 -5.36415705256247 7.95169346349611 -8.98041752059766
Pakicetus_attocki 12.300331617515 10.3835111882055 -0.87469826131528 -0.87963357034776 0.36890372537784
Palaeocastor_fossor 22.4605119047453 -19.790986263804 3.84872966102258 -8.98099513403 1.2272034860588
Palaeoprionodon_lamandini -8.40166032580293 4.75347322541639 4.92257349067285 1.45733103280809 -0.704165484781348
Palaeopropithecus_maximus -7.33522005777378 2.36331094773621 1.31555336756025 -4.26727006518037 2.11557552283415
Pan_troglodytes -29.1174812261662 -24.2576697245899 -11.2059038580575 -7.63245315807463 3.02911695054974
Papio_hamadryas -13.4018917969335 -2.61826971588905 -19.1744245834723 4.97766666561611 2.71719757885274
Castoroides_kansensis 14.1471090166831 -17.058711039668 -1.26680182198922 -7.15616737146578 3.05886353055577
Paraceratherium_sp -1.17218016245007 9.16360380179495 1.15705526168328 -3.26394107286025 2.96648649801824
Paradoxurus_hermaphroditus -2.33329588793828 10.4157826677355 0.0341850718274497 -1.42610428720733 -0.928621515374205
Parahippus_tyleri 1.94036270328135 7.56450533026942 8.64876974139417 -4.37923936080135 0.639110200545691
Pedetes_capensis 1.1043305919974 -12.9635021986438 3.51636575587748 -6.41414761544827 5.72002585328948
Petromus_typicus 7.50980244318588 -3.10549150022727 -2.73754951164963 -4.54235187016697 -0.569593536277809
Petromyscus_shortridgei 11.7839505862098 -6.39009330515587 6.81048153812167 -3.07717330288557 -3.10328990859391
Phenacocoelus_stouti -11.5733495950569 12.833720877364 -0.457626935095415 10.2956775103001 1.15184876451091
Phocoena_phocoena -40.9630535482719 -8.40146224516298 -9.86284852655179 1.18242176543563 5.25412507096801
Physeter_macrocephalus -6.89579569733355 -0.251797683365078 -2.59801608335011 2.69290473446112 4.44576432052439
Pipistrellus_hesperidus -5.51071389747677 -6.00740908354243 -5.07383712041116 -1.59993563106355 0.824380470039796
Platanista_gangetica 2.82862673941825 -5.52308812687902 1.22506256674726 -4.42130318450302 2.13943298408114
Platygonus_compressus -1.15206955151238 -1.4451699478796 9.14979664470408 -4.55529619772278 4.93484258177024
Plesictis_lemanensis -17.0863311549214 4.80397196060726 2.85471927726065 -1.33408107408558 -1.21787602517027
Pleurolestodon_aequidens 2.14010949140252 -20.860417349715 -8.95889558684257 11.9649709712919 -0.985581010519581
Poebrotherium_sp -12.4602378009805 9.60670017893845 -4.03974519208436 2.8770286366204 -3.54601223177345
Pongo_pygmaeus -12.3834343699527 -28.2326655894981 -19.0475883740843 4.66374786709067 4.4535962794418
Pontoporia_blainvillei -14.1759246405927 12.653100226396 -2.00817290950153 -2.71786907366761 -1.82853591916544
Potamogale_velox -2.36075542036421 5.23252190813209 5.30763021456924 4.30208117479791 -0.724035335161985
Potamotherium_valetoni 14.7244893530124 -0.752232273665095 2.32736911224216 -6.54132147583711 -0.835554741070104
Potos_flavus -9.43531316835936 2.57391609093014 -4.06940102992184 -3.85326577783545 -0.998956028060722
Prionodon_pardicolor -6.18362747180722 6.27223111474173 5.28556600855615 -1.30206948929536 -0.292726730311106
Procavia_capensis -7.66074778369076 -19.7329535837717 -9.05737340729212 -11.8607681783954 -1.18067765131791
Prodeinotherium_hobleyi 12.068202316054 -23.5206432328224 5.17549591005811 -4.87645357426943 7.4965270577167
Proechimys_cuvieri -2.87772184912064 3.29992773820121 2.58523181424905 -1.72789480563451 -2.1175238610214
Proneotherium_repenningi -13.8224059778171 3.33456423323598 0.516674562743565 5.40313132630075 -1.83363298387243
Propalaehoplophorus_australis 12.2637971080233 1.85188953754405 -5.20499397292747 -8.01856412518003 4.09741440664684
Proteles_cristata 2.24922428681539 5.1249152135552 -5.7891892403513 -7.16380197460225 0.00257374895679539
Protosiren_sp 9.97403852200466 -16.133458063282 -1.98663890164961 2.12310391296074 7.5649079958504
Protypotherium_attenuatum -0.602170797560366 -12.3518650423703 -13.7449233035416 -6.77779032254599 1.26733606888814
Pseudorca_crassidens -25.3541527958313 -23.9779064256608 -4.51780666241293 -0.520510883603975 -2.96851232014228
Pterodon_dasyuroides 0.724792607709104 8.57626384282854 2.74297987884293 7.557638060383 -1.30708464492818
Pteronarctos_goedertae -13.1897329208053 2.93181661163154 -3.00551329052039 -2.60968313834272 -0.228806215382413
Pteropus_niger 12.8288098032612 15.7008902899872 -6.27610395029465 0.446746773390374 -1.45855561440513
Ptilocercus_lowii -7.1721892034799 6.17307482382456 1.40638762962075 4.41080009118502 -4.31268086116642
Puelia_coarctatus -9.70189066608768 2.44285465716087 -3.52634920661659 -0.111168612689084 0.566214625215669
Puma_concolor -11.2974328460356 3.81882419840132 -4.69542397047056 -4.60913804891028 -0.169059284758656
Ratufa_affinis 5.1814544473796 0.516225664069135 -3.0040548082666 -0.926844272714571 -0.418482217095631
Reithrodontomys_megalotis 11.0382654922477 -9.94846227169388 9.57296083882459 -4.28324914050995 -1.55123353565204
Rhinolophus_acuminatus -33.4719591615466 13.0017396814039 -2.2962798071318 4.51911035066907 -1.2469128071295
Rhinonicteris_aurantia -32.4170598977875 -1.90312700124658 -2.86092985251874 -4.70869132092034 -2.1631345195291
Rhinopoma_hardwickii -8.45837915496288 0.615601343374655 -5.91518752859395 -5.50308484795703 0.945847634683744
Rhizomys_sinensis 19.4342087342385 -26.3170584351849 1.54065731885423 -7.56872313501442 4.05156315700901
Rhynchocyon_petersi -12.221762198107 16.2656639170866 4.64114403973698 -1.94635690828748 -2.22383835896421
Saccolaimus_saccolaimus -10.351185866637 1.17756686548685 0.373154800721043 -4.93622373806541 -0.581921211169232
Saiga_tatarica -15.0879211978567 -4.68613926230873 1.5115654768589 -4.39335374517145 5.82162833063287
Saimiri_sciureus -20.9683990332307 -6.78083784237912 -14.4011344280306 -0.11339702132433 0.0713161468434668
Scalopus_aquaticus 7.16054926891987 -4.16945715122604 3.98151470488414 4.50969561340511 -5.66381691566173
Scelidotherium_sp 0.652649318896054 5.18745268565519 -7.55807669687094 3.31471906797486 0.566618773757211
Schizodelphis_morckhoviensis -2.68123258196831 15.9959574689122 3.73639976098952 -5.50891263796205 -0.819064718847161
Sigmodon_leucotis -9.51543729722314 -11.6643819515292 -13.6921034930916 -8.1362991735054 -1.49266977477019
Sinorhinus_cornutus 10.4571646259246 -12.9777417909758 4.81496446105581 2.16940512813471 6.5883558475771
Smilodon_sp -12.0413078683255 -3.08949021978379 1.84419472983731 -3.17163808210065 3.20620159083596
Solenodon_paradoxus -10.4319428064093 13.1793877218793 6.33054248371777 4.01895813511395 -1.1097485866381
Sorex_monticolus -16.2104559240683 1.65984342025172 4.68790366063702 7.79645236335515 -3.2393664288046
Spalax_leucodon 18.2083189011373 -24.1150071751629 8.62578060218223 -4.0571109134185 0.980190498387178
Coendou_spinosus 5.93931459069422 -8.21058247985692 -2.61017727012402 -6.70536431899519 -0.931120553246089
Stegotherium_tesselatum 12.6416372924382 4.41363617492959 -1.26664567954077 -0.23220800212821 -0.425834277110689
Steno_bredanensis -35.6648608458933 -4.2816902605356 4.01240926857776 7.40334662624887 1.657086496275
Stenopsochoerus_sternbergi -2.15073571196779 8.03369990544205 -0.35320414896401 -2.64787956532621 1.80427810424413
Stromeriella_franconica -13.1851984114562 5.85551899763017 0.639039083277009 2.1612248859887 -1.19265812038529
Sus_scrofa -18.0611676288364 -30.692718970093 -7.37949008465757 -4.95181643443997 -0.924605881069045
Syndyoceras_cooki -15.5279816910711 13.4743417512767 2.26269152154874 -5.11236269114124 -2.2037552773141
Tachyoryctes_splendens 12.9197681231733 -21.4357017449953 6.89411398235405 -11.1385061201113 0.0706266254187839
Tadarida_brasiliensis -11.7374500342511 -3.86339271356815 -2.90065865503688 0.526284267887906 -3.18725114188352
Talpa_occidentalis -1.6049035543955 2.57121722791139 5.26057047032825 7.45368823886598 -5.0303817148883
Tamandua_tetradactyla 36.6266299149374 13.1565187213217 4.48634019606675 0.876939417389258 -4.56220767348275
Tamias_striatus 6.96047501579771 -1.07893315965452 5.91307597632952 -3.30760207317825 -2.80274789882276
Tamiasciurus_douglasii 10.5255062621179 -9.50372285936866 6.51138962887883 0.15188220315329 -4.43207468353189
Tapirus_terrestris -2.84636795788265 -20.080303172041 -1.29858740936869 -6.99226770708931 3.01030900213139
Tarsius_tarsier -18.9111737193628 9.39428627710123 -17.4316799524895 -2.24829324889307 0.516265864167957
Taxidea_taxus 11.3162638130018 0.470758911551845 -0.0738650328135698 -3.83605124347591 -0.986023097638168
Tayassu_pecari -5.2164455161466 -0.54017244727482 6.33298038809953 -7.18117827932476 1.11304683244732
Teleoceras_medicornutus 7.51718869766273 -18.0713315987485 4.13120396596442 -5.72111780346206 5.24860063619376
Tenrec_ecaudatus -8.56463903653658 12.7175176217425 8.12078172749571 -1.47060280800107 -1.71909191997904
Tetracerus_quadricornis -17.4516107098286 2.17654663353909 3.06746646757608 0.0381371628769402 -1.69878218081289
Thalassocnus_sp -8.64504942829323 -8.2327196161052 -10.9533313795051 11.5692219156189 2.46411003841442
Thoatherium_minisculum -4.23770432444333 7.00696540026207 0.867878416691709 -2.97352530782374 1.29936692014697
Thomomys_talpoides 6.30517897311152 -17.971970392446 12.2180307491819 -9.46301972342996 -1.1859860245166
Thryonomys_swinderianus 11.1384943898641 -7.39737955468517 -4.84557398134027 -3.255789486361 3.14612273321477
Thyroptera_tricolor 6.31148376718982 3.56808757379351 -2.04152563281822 -4.27895619828817 -0.00177600249114042
Tolypeutes_tricinctus 7.68864604392379 3.30333539358196 2.96902785102606 -5.96428323543356 -0.294808848353565
Tomopeas_ravus -19.9602290834415 1.94283853584481 -7.86194242169161 1.36340158748941 -0.722788441995442
Tragelaphus_scriptus -10.2890145387166 12.8667433029051 0.615965767775297 0.00176921487754466 2.35106429948249
Tragulus_javanicus 3.80375190862827 -0.0741163190091456 0.438343367005254 -11.8830749189475 2.20433033721408
Trichechus_senegalensis 7.29817787773262 -18.5927440870165 -15.7193786436275 0.160929087522865 6.91766630332304
Trogosus_grangeri 3.30704997772405 -4.34996253668572 0.0954316227964146 1.84677194376336 2.66521482471293
Tupaia_glis -4.9911616792675 11.7825916626015 -1.5432410560019 2.5176904634836 -3.80321747381713
Tursiops_truncatus -33.9248852131148 -7.83412813593386 -1.27150489561228 2.07545686183727 3.46271933645974
Tylomys_nudicaudus 10.9649238230123 -1.47246177617058 3.57706716986515 -0.681385493236542 -0.727361227729486
Tympanoctomys_barrerae -12.0672716759797 -16.0379359444046 3.1303393239186 -5.45204802021864 -3.34047773892134
Uintatherium_anceps -2.52649420573537 2.14940794022221 3.57725388657136 0.127587222002736 -0.327272187243057
Ictidomys_tridecemlineatus 11.8469079504079 -2.60214773387824 5.63439280706191 0.979343937888851 -3.80931823481213
Vampyrum_spectrum -3.99428831735167 10.3670901159965 3.22186526039915 11.2933682816718 -2.51532464837977
Viverra_tangalunga -1.80747275159611 3.4476194746906 5.92521941916387 6.68119941376443 -1.98595896915223
Vulpes_pallida -5.00124558872936 4.66220004132632 4.45108025315741 1.68055950781346 0.412199973561596
Xiphiacetus_bossi -2.06470088775276 15.3987932267668 2.59045358596422 -4.61156898761953 -1.00071684841202
Zalophus_californianus -1.32067287710336 -0.928959599619365 -0.722405996342212 -0.378989333707739 0.173111763908956
Zapus_hudsonius 3.11474580539934 -8.19355525869889 4.86479448339895 -8.69685331049169 -3.12381354298535
Zodiolestes_sp -5.36106226032116 7.28199191517037 0.0405089702686919 5.5792881844828 -1.34735685704121
