Acinonyx_jubatus -36.2845891476771 3.87231890055931 -21.4011075136487 2.51432436368498 -20.3960346533302
Acratocnus_odontrigonus -2.40917215459961 13.8942108397446 -19.2776620442759 2.46712908823866 1.30964431838899
Adapis_magnus -14.8972575460202 -2.24055542305971 -2.18334740553665 -4.26638455417297 0.722798941331785
Adinotherium_ovinum -11.3039730984326 31.8275370984205 -1.75885622632572 5.70806535469502 -1.05119728085861
Aelurocyon_sp -14.9970956906082 -4.72710765558228 -25.4351666041763 -1.08217121239705 -6.20088844269967
Aepyceros_melampus -43.5735529187153 -13.964395467354 9.54507626622963 -3.60305719557057 -14.7704405188602
Aetiocetus_cotylalveus -114.550344008614 -58.9891811339333 -12.6361520374028 -6.82267111801851 -7.02777435607545
Agriochoerus_sp -8.47843229303599 3.93829034842486 -7.89382280789486 -1.28172692909849 4.01426319458623
Ailuropoda_melanoleuca -4.26070927304218 -7.16632724187022 -28.3898639249395 1.02089649954583 -7.17112296025029
Ailurus_fulgens -8.01786043212186 -9.0218214184143 -29.3291256287817 3.75015530001705 -7.07964260807124
Aletomeryx_scotti -21.5808014547469 -14.7202646349787 4.68916659872031 -1.79838409853091 6.51223094220332
Allodesmus_gracilis -49.3804549529485 -20.3929575812359 -15.3256275792156 -6.5411485518468 1.76050725128999
Alouatta_palliata -55.5983683421548 -14.3362195506949 -26.6226460183313 -7.35357491206328 -14.2329396399994
Amblysomus_hottentotus -10.8615657686624 -10.9346422895097 13.976651858069 3.2633713999011 -2.40847973522813
Anchitherium_agalensis 2.05083932583073 8.55901850877046 -1.32432201482209 -5.63652237422946 -3.17208255031076
Anomalurus_beecrofti 14.275650491786 28.1178773471506 -19.7931999987058 -3.12754678988416 2.55714303593747
Anoplotherium_commune 12.8671445037244 0.246520229096488 -2.24590983140752 -1.59959555774255 7.82890252002419
Antilocapra_americana -20.5984943582613 -12.8770755499782 21.5357246593794 -0.0583766808029531 -0.61500960214601
Aotus_trivirgatus -12.8303232839956 0.246116838117547 -35.494405115414 -6.60828229914319 -12.6477362341365
Apternodus_brevirostris -7.0110009507591 1.21967110427176 -21.4472768319652 0.5330885705133 5.00015286591852
Archaeolemur_edwardsi -24.5785129321841 1.22322189478115 -23.8508182047803 -2.4350470120021 -5.37811421671847
Arctictis_binturong -7.70266969380447 -6.47428025954504 -30.9432452964832 3.38655048057024 1.72281720773137
Arctodus_simum -28.4185263983577 8.75294403535956 -29.081280898241 -1.06010229080758 -7.23417610043397
Arsinoitherium_zitteli -75.1037009013182 63.2347290738941 39.4582477635467 34.2816126640542 -11.7846483807928
Aselliscus_tricuspidatus -51.3948390292898 -13.701859309627 3.17714701698188 36.8006230412756 -0.504747878960803
Astrapotherium_magnum -72.999185365617 42.3534498840625 -26.7534922812562 -14.1015965126175 2.53055119046074
Ateles_belzebuth -42.4440692410575 -17.4727273958299 -37.7447264082029 -0.65904526704899 -12.3077042871
Atherurus_africanus 49.913828770099 38.2162624559318 -13.6839117491223 0.289261590714158 -15.8839376703188
Balaenoptera_musculus -182.637098709914 -38.7912095258475 -25.8628166893009 -12.2837124228584 -14.6861179777849
Barbourofelis_morrisi -59.976498347763 18.7281720211265 -1.51028204165456 4.32687772688505 -2.07309227103008
Bauerus_dubiaquercus -50.6205193610442 -19.7772805956005 -15.4473409413735 0.00593441689753593 -2.26972491009772
Bos_taurus -10.4375637479867 -5.39672334962556 13.190771170284 -1.92479376515276 4.23413163011623
Brachyphylla_cavernarum -17.8791757202442 -21.110426325408 -21.8647388745015 3.95061110062478 0.251071881564334
Bradypus_tridactylus -6.80410796933464 10.3669155525718 -26.6011132292089 3.27313582011581 -5.67221793946765
Brontops_brachycephalus 25.6524261457628 40.2476043548432 -27.9328775835112 16.1186497670008 2.05847399084554
Cacajao_calvus -42.0583795679628 -7.2347383760282 -33.3947694242048 -5.36949706941982 -14.2625365821148
Caenopus_copei 11.669485858974 15.3335077135543 -2.55491585305937 13.6625171237393 1.96317331633269
Cainotherium_laticurvatum -1.70004236967621 -12.4653343013972 -14.9727901491059 -1.32557892446771 -1.7035584502811
Callicebus_moloch -27.5419641072267 -8.90610348423767 -47.8279082967701 -7.03287712836607 -9.08886579330069
Callorhinus_ursinus -13.1535195025245 13.6420697016675 -38.4875128554837 -7.23167419066241 -5.8559364429444
Callosciurus_caniceps 42.296720329715 8.32825378397217 -9.90419738424288 0.493677094072142 -17.9582313210368
Camelus_dromedarius -56.4850291605109 -9.12275542250214 1.31945693236222 -9.56673761117529 15.4134199863012
Canis_lupus -13.6905430836869 -28.5610038834243 4.37593677733015 -5.42817755174258 7.86047850781004
Caperea_marginata -80.4691470716514 5.44884160269616 -42.5610802598578 -15.6712867233755 -3.81919277540836
Capra_ibex -23.2119619805801 -19.0237378662414 -2.93406820642209 2.77040603689925 -12.1564374485905
Capricornis_sumatraensis -0.988463157924435 6.61059690410689 -6.6616822271222 5.22882996732065 -1.83674683822058
Cardioderma_cor -20.1405439168963 -40.0889934417385 -46.8295983816482 20.7246861758812 3.99754295993939
Carterodon_sulcidens -6.04637570306876 12.0585012295036 -1.52279913463047 -5.96541564792053 -8.62769459416445
Castor_canadensis 10.7220893096745 44.5326232998564 -2.81707617960627 -3.33278443627571 -1.87308278356127
Castoroides_ohioensis 4.03525990228798 63.5551765022027 1.75273486478264 -2.64562587556478 6.79434993177149
Cavia_aperea 48.534364565046 29.9535799738321 1.33021610661621 3.2962400855771 -1.36781937209001
Cebupithecia_sarmientai -50.2012017959014 -13.1787081495537 -30.5842102100004 1.64942324176679 -7.87700729561748
Sapajus_apella -29.2390315978886 -11.093220063478 -40.4793728291526 -2.75338640659121 -16.4575837600636
Centurio_senex -51.7971448354542 1.16613673340498 -29.7529537040882 5.65717617107144 -13.8429348397624
Cephalophus_nigrifrons -2.10107736059242 6.26237894427693 1.37886317967738 8.6629686504026 -12.5584917141306
Cephalorhynchus_commersonii -224.288063318631 39.9573543104175 -36.247249148776 -15.4019061715861 -7.61621785835888
Ceratogaulus_hatcheri -10.9443928263116 33.2961899013193 34.903849158161 -0.851450461218525 -7.17431648263043
Cervus_elaphus -23.6918136595515 -26.1428077838763 -2.0985743180598 5.33639870619482 10.3434651600975
Cheirogaleus_medius 1.87216513638868 -8.24044546832497 -7.02510318739919 1.02093589070013 -11.999482810373
Chironax_melanocephalus 2.00382526369443 -16.6721588303493 -32.6974957649477 7.27202157799633 -0.976044210205676
Choloepus_hoffmanni -1.59704357062874 26.7147731849206 -19.187302206356 16.0946260482414 -16.2505108391251
Chrotopterus_auritus -22.2451735065229 -13.8506467423614 -29.3018567862031 3.09582253025999 -1.14998311059066
Chrysospalax_trevelyani 11.8901656393225 -4.77211079137354 -21.5636020433975 2.53115664299613 8.63989648828989
Cistugo_lesueuri -23.2353993198254 -19.3953992120152 -40.1583417954094 2.6846641397067 8.72958446017346
Coelodonta_antiquitatus 40.189057733724 37.3675137158846 30.9558492264491 9.4171727241896 -8.64270312863493
Colobus_guereza -48.1685742801841 -3.86837987414641 -44.6886431228706 -6.54024698941408 -10.6129830527658
Coronodon_havensteini -100.836760863189 -31.1568680334707 -26.2709493090883 -4.50623190544894 -0.96505126287087
Coryphodon_hamatus 25.0170472828698 1.63959070827784 15.5071309556832 -7.19127982631681 -1.91610447711498
Cotylocara_macei -190.609831008957 -30.6567289642129 -14.1144339007965 -19.8430867970064 -15.8178193093879
Craseonycteris_thonglongyai -67.612583323358 -29.5212360855826 -19.9485874125091 4.80627810943948 -5.24178645745064
Cricetomys_gambianus 53.1349429365334 28.2234557049152 10.1880471387786 -5.19726880760943 -0.147036793395856
Cricetus_cricetus 24.6584428268238 25.6021256137598 14.205940330544 -10.5631302603648 -4.24087966581887
Fukomys_mechowi 6.56978011380565 40.8368230953277 16.802484025235 -20.6391676877937 -10.627126306753
Ctenomys_knighti 0.183337288756749 19.738885178467 13.8304238239954 -3.74329885236307 -10.3537339738652
Cuniculus_paca 51.9261507746902 33.8440616931869 -14.8478766509293 10.9839570784593 -5.39518897133323
Cyclopes_didactylus 18.2424738851815 -30.9994249631341 -12.1920175180986 7.64897091853877 -17.605608658413
Cynocephalus_volans 6.71069094340638 -8.19947076209235 5.10295117229216 7.81994670872208 -5.98534689021353
Cynomys_ludovicianus 55.6978935120645 4.35278451674423 -1.42127881149768 3.06467641967274 -20.8010376338686
Dacrytherium_sp 8.78286883984416 6.64957677243305 -8.30539562818963 1.78143930360845 -1.95269038826119
Daphoenus_vetus -12.4895175523144 -12.9850935605149 -8.61456818740969 -1.15328827087199 -3.28871697435069
Dasyprocta_mexicana 45.3029171927094 34.6788571286288 2.22247146220227 9.65857363757183 -11.3731129688106
Dasypus_novemcinctus 76.3143811729791 -0.0912806962520658 15.3066987983658 -1.27863809755884 3.60943623403475
Daubentonia_madagascariensis -2.56300749309853 13.3485605539036 -35.4747965524169 7.39770312194551 -14.3367529114857
Delphinapterus_leucas -234.117264869966 15.7322117775974 -39.6292136665944 -26.1633931989413 -13.3351920083291
Delphinus_delphis -232.480115246887 17.2547629708505 -36.0757650008599 -18.103675197637 -6.33697062804639
Deomys_ferrugineus 39.8571555797734 13.5562920970598 4.95581633862045 -1.02470360419228 3.26374206844331
Desmocyon_matthewsi -0.540887328262405 -13.2089263216327 -14.4967976431057 -0.463354785787284 0.617323426509185
Diaemus_youngi -29.8429788342665 -3.81912187876075 -36.8240476946775 19.2630861741142 -3.18274661427743
Diceros_bicornis -18.652574462521 55.0197385041192 -13.7448979808915 20.9570797423687 1.04491064572975
Dinictis_squalidens -11.6899800061218 15.3345658760962 -15.6821777792162 -2.55837991045499 -8.87870885799269
Diplacodon_progressum -12.8074877179204 42.0535477469214 -15.8384768253168 23.8964990230744 5.81664728612083
Dipodomys_ordii 52.7333114177747 34.5601474285924 19.4410337592089 -11.782298036872 -4.78942386502141
Dobsonia_moluccensis 5.88766265354664 -19.6260871797143 -15.7941571730421 -1.55414791241283 1.57420784598796
Dolichotis_patagonum 26.9368251480418 31.3726809751362 -3.66974097162044 11.5474097442742 -3.18059796846897
Dorudon_atrox -36.0836414426013 -28.2653711598135 -10.6620515761247 -1.97877141022257 -2.33280501020685
Duchesneodus_uintensis 27.2040642208766 21.0490605307767 -30.6667537089863 27.5147503655758 -14.8792499551463
Dugong_dugon -151.926044052728 -18.4201813117498 -55.7406870195249 -6.15449474255523 -2.76674690209143
Dusisiren_jordani -143.935514776969 -42.0243106778228 -39.7658178081154 3.58756433409892 1.35511778879026
Coendou_rufescens 1.2652371947753 40.7413059208947 -10.8831710483112 4.81438487502214 -1.97967461717724
Echinosorex_gymnura 10.9382007122587 -10.0335862070752 2.88426981042804 -10.6408308283351 4.36663509349235
Elasmotherium_sp -5.31480114872996 20.4039476193576 11.4762157276805 -8.89704333077214 -16.7900074148417
Elephas_maximus -129.310189423794 56.0410026181106 -29.0113282090529 7.3484516382356 -2.86444789539836
Eleutherocercus_tucumanus -23.7842533959325 21.1137345315918 -40.8567143375706 2.88164618368762 -0.0766408280288395
Elotherium_sp -0.629618355678504 -29.657620847281 42.1194466624371 -2.04221050989657 6.77144473430395
Entoptychus_sp 62.0839409031585 16.2371321967438 27.5039406624817 -15.8501585194705 -11.5248976974003
Epimanteoceras_formusus 18.5636647841271 19.2630610954591 -2.4145197271001 7.95037449680212 23.3202350531035
Eporeodon_meagherensis -10.713265583517 0.970085099942857 4.90590137459206 0.842125211066672 9.34868015622106
Equus_caballus -30.6258998747018 -14.4358617806097 26.7036936208067 7.86221186244645 -9.23510427038632
Erethizon_dorsatum -14.176047794081 52.7535431114318 -7.01078258441095 -1.20590346407655 2.13540256322193
Erinaceus_europaeus -6.70989571325913 -5.90450192015713 -10.6605115505346 -14.2362582919377 2.57820321080973
Eschrichtius_robustus -172.609756688633 12.4963029558074 -18.4312099064132 -26.0948863817389 -10.8774535885626
Eubalaena_australis -143.082517546265 30.7393922598024 -31.3569256487268 -19.5638684514311 -4.99377805989884
Euhapsis_ellicottae 14.972190679847 82.9385269841582 -2.93111253985161 0.854580299335286 -8.11651670384385
Eulemur_macaco 8.47879844790743 -11.0076216592315 -16.9243229890407 3.29984327209216 -9.36761940294246
Eusmilus_dakotensis -47.7000654595909 21.3932375817086 11.6091652851893 -19.2073316429864 -9.02223215473733
Fossa_fossana 16.2945363793144 -19.4070299793632 -24.2114643429419 -0.128203300481376 1.61951361729369
Furipterus_horrens -17.5866564633842 -27.3765037257143 -21.7333542293401 9.69743851049655 27.3419218168461
Galidia_elegans -1.17983278236918 -7.92310056482692 -32.9248522728716 3.14291685363582 -2.5174240926965
Giraffa_camelopardalis 19.0539314054169 1.91618151647591 -5.57386141643416 1.87750096320313 -7.5989121986055
Glaucomys_sabrinus 38.511554116143 1.64109292358459 -13.4065375344792 3.32382978567985 -11.3023225819872
Glossotherium_robustum -36.0082232608654 37.8375174686102 -8.9711265000304 -0.394401128561007 3.29040896991264
Glyptodon_typus -50.7164158057039 51.2426216499625 -18.0876026473516 48.9036050567259 -6.06547624835178
Gorilla_gorilla -86.5310623561541 -10.3837343191631 -22.9967093872588 -8.54361204327329 -29.3814224461806
Graphiurus_murinus 31.3863453870409 7.30784052537036 13.1877993793535 -9.74207568532729 -10.8719067042016
Hapalops_elongatus 12.3788490515529 10.2932695532792 -14.1585645621942 7.13549478190333 -1.46717599114605
Harpagolestes_macrocephalus 1.46813455565221 -25.6619307121029 4.27445992506983 -3.07895195004657 5.10789658536633
Helarctos_malayanus -43.6932372421277 -18.7825061440865 -37.9917912236741 -1.78403479949993 -6.07700437587175
Hemigalus_derbyanus 17.2960314770901 -20.8850023527156 -27.600474545104 3.91730157294077 9.00780612881835
Herpestes_javanicus 10.3804452159501 -4.54555394817359 -35.8329740495922 -5.98407315137641 -5.43871096806882
Hesperogaulus_wilsoni 1.13651415188714 35.002358425248 17.6963098528431 -1.33614376121769 -1.43488209776576
Choeropsis_liberiensis -24.1666198044896 16.7751421482828 25.68936724432 -11.1233078462642 11.200893922093
Hipposideros_armiger -32.4549762022487 -0.41516294716459 -40.2029665741655 11.486804088553 -6.47619198602404
Hippotragus_equinus -2.19208386950948 -19.6199797767066 3.56095918521769 1.58591896590868 -2.00635261594271
Holmesina_occidentalis 34.0757886303039 14.959430395931 32.6138645095017 4.89660725727659 -0.898230548352227
Homocamelus_caninus -8.20623248731979 -4.92428331436831 34.9909696404776 -9.92998032885672 3.8754505176524
Homotherium_sp -56.971473042813 12.8726497954466 -12.7510227718954 12.140081601024 -11.1226428285134
Hoplophoneus_primaevus -32.2188841545928 8.09547362299653 -10.6922862341544 -9.74849486544367 -6.76664047940051
Hyaena_hyaena -9.57242396259 -11.961171204407 -29.9652445344376 -4.58323388677886 1.38468677964281
Hyaenodon_paucidens 1.69950530454319 -0.824468682111278 5.38915184290871 -1.80401739004456 7.27276159950096
Hydropotes_inermis -1.92257266609576 -3.61154944131461 -2.10392615294829 -1.58033436975819 4.89496940406247
Hylobates_lar -46.4678429192365 -18.6901011199304 -48.4004917445955 -5.63188248138138 -8.23765279565959
Hyracodon_nebraskensis -27.2924295960051 7.60963067494448 -2.3656243031278 13.3648043193604 -5.30925529782718
Hystrix_cristata -47.5626161741921 82.876554151433 32.7420030945144 23.9259644604372 -0.753607706497558
Ictitherium_viverrinum 6.876499253667 -15.5308745726106 -23.1908469819285 -1.21096739974046 4.58966592936693
Ictops_dakotensis 21.4419076977222 -8.08534861079602 13.5436039554253 -3.32371703273165 -1.89979722274885
Indri_indri -5.82286099826867 -1.83220346301494 -24.8737962226706 5.96866835969408 -3.22324717659613
Inia_geoffrensis -220.144260020203 -33.3514507642847 -35.8888382024414 -13.3426065814214 -18.356740333396
Kannabateomys_amblyonyx 40.7339993984489 26.0072533176798 -8.2995204860967 -5.1459959900489 -1.47082719003662
Kerivoula_minuta -52.3915900226941 -24.7812423902234 -3.8248034268 9.75500849776601 7.79868004536631
Kerodon_rupestris 51.5321971930561 19.3563310887757 1.96725667653412 3.22557380782937 -12.1861535261429
Kobus_ellipsiprymnus -15.7052594102006 -7.54260190504112 11.0292059172476 1.3139916479105 -3.74097358086821
Kogia_breviceps -108.273042839258 -87.5117445115341 -57.4479102164129 -7.6267791433694 -3.12505453124379
Lagenorhynchus_albirostris -219.122408070337 37.3630497862296 -34.3795180548627 0.665302368505433 -8.88270048451585
Lasionycteris_noctivagans -29.5243547275685 -12.0021097070587 -21.3322024864331 5.68678265850185 14.6527834143426
Leontopithecus_rosalia -8.81431389324043 -0.641725348032949 -40.3844202964504 -3.03702082120302 -15.5299658263607
Lepilemur_microdon -0.194769176679477 -7.57942575226293 -17.4320459600514 -0.948731914332012 -6.30853082196355
Leptictis_sp 22.9466893191007 -11.6379486758549 12.2642474514034 -6.53057874231094 1.10716111183005
Lepus_californicus 12.2385075758848 4.64268352470541 15.2686743572469 12.5276474387744 -30.0185153121885
Lontra_felina -28.1231535095925 -12.6694716379932 -32.7973872154102 14.0826530059358 -1.9010300730554
Loris_tardigradus 23.3929998237663 -6.74855225639989 -32.5149942768273 3.02461559747168 0.780647788365881
Macrauchenia_sp -206.919189118125 -28.3282990858707 -54.2657059463492 -25.6219534997031 -4.24277293934011
Macroeuphractus_sp 21.4430838486118 9.7363418347317 28.4120440471835 -4.88810666459429 11.6887743607867
Macroscelides_proboscideus 2.24560386493363 -23.7950457926596 2.78237296300411 -6.34207279556155 0.790792904587478
Manis_javanica -3.41255282311475 8.62136401428848 -9.36223633497522 0.305247618156347 5.44663723654504
Massoutiera_mzabi 16.9678080520194 2.42213892010203 15.3665949716698 -6.14396016065712 -10.4706516138253
Megaladapis_edwardsi -1.75405397899267 3.31388835711353 22.5665442355141 -0.568182644814057 13.5162540643062
Megaptera_novaeangliae -178.77494497741 -17.6918107842669 -36.9623681413421 -11.5473522277882 -6.28161326686182
Megatherium_americanum -52.1435429791982 27.1639869418882 11.8328529027396 -15.065407227789 12.2043773112673
Mephitis_mephitis -18.7426939540802 -3.09956062586953 -19.0904858938288 13.4324149285597 -0.752593090236212
Merycochoerus_proprius -85.2981577934164 -9.72483660072987 -7.32087196599152 4.943690724401 7.57160957095111
Mesocyon_coryphaeus -8.08765619153891 -13.2266809657998 -9.69774786252276 -3.92534679669495 2.47722559198809
Mesohippus_meteulophus -7.46221557912563 -16.8521467341659 14.1752973335607 4.00416052249109 -3.48564494106289
Mesoplodon_europaeus -206.5475143252 15.8501239597355 -35.7198764569351 -30.4426523652335 -19.0001222571584
Metarhinus_fluviatilis -18.001700190605 9.21333032986678 23.1554080120823 18.663299746677 6.19150949978795
Micropteropus_pusillus 11.0986484703614 -10.4960944279805 -19.4782446645355 1.81090481858476 -2.30295301898068
Miniochoerus_gracilis 9.39619267486384 12.7724823240128 -16.1718740819121 3.08303855985015 3.23021868896496
Miniopterus_australis -31.7803655744867 -26.5314494802525 -9.32033584897224 2.25840339237686 6.46650878513726
Miolabis_fricki -2.77923880580507 -13.13793461861 25.1204456640725 1.99693902623381 3.3185581450249
Moeritherium_andrewsi -17.8628062935813 17.2095337823369 -38.2076284598538 11.6847684666958 17.9661811983453
Molossus_rufus -38.3239973743896 9.04065396736863 -40.0806008960071 3.10934826219716 -0.289846696575892
Monachus_monachus -35.7291048310163 -17.2672644701024 -34.3072526964619 -5.14004082438219 -0.234155808794933
Mops_thersites -37.5153497033381 6.91686824173457 -28.7677034604214 7.57391827504746 8.13608706616388
Moropus_elatus -29.3468665812559 8.46865964277522 7.07640844119356 -3.41622202974962 8.7069475853434
Moschus_moschiferus -23.1337983565673 -26.1294863819551 -2.39418440605623 5.82760101937916 10.6786084658767
Muntiacus_muntjak 20.7911292938581 -7.29987557093769 -11.3643356474265 6.70472706710974 -1.42794300293407
Myocastor_coypus 12.5376797604049 42.4186264655905 6.70434060686682 5.32004164168568 2.32574279751408
Myodes_gapperi 29.55683936134 10.369541247785 -8.15923786696715 -6.54122805818629 -9.08655070345428
Myospalax_psilurus 33.9873855322161 29.0563441178174 0.652591693427004 -5.11134446112571 -16.9352668251109
Myotis_vivesi -10.3879079806185 -13.1144829096453 -36.6715097857101 -0.252109520814962 13.2017763228477
Mystacina_tuberculata -45.645346376266 -18.1560988190588 -0.483853709682966 6.02868799456584 4.36015923579623
Myzopoda_aurita -57.7702921427499 -10.7636660463186 0.253924557692779 3.59948087924556 0.500343536666848
Nandinia_binotata -14.0252662205112 -17.3082695088231 -18.6765528228308 -4.39117447150756 -3.11900998981354
Natalus_major -26.5801517528026 -25.7385378596647 14.3383322252599 5.41268002507221 17.0224849247161
Neofelis_nebulosa -21.2409276479224 1.19724241793094 -19.7424890543915 -0.466037357996146 -13.215744012181
Neohipparion_affine -25.1880251826299 -20.323299862766 56.6806450436913 0.048712373385194 -6.49177065859754
Neoparadoxia_cecilialina -89.6621342964391 -37.5144723107268 -23.3704183533321 9.70208482992975 -3.92638628056769
Neoreomys_australis 7.75793056113784 26.3487252807293 4.29508211496738 4.62780903658388 -8.27414238372707
Neoromicia_nana -49.2271721711015 -22.094350338152 -0.674479154627886 17.6196623137921 9.73933228498027
Neotherium_mirum -34.9116403742059 -19.6538071823926 -37.0254539906184 -4.73671083660778 0.560955721718731
Neotoma_albigula 26.6967992981273 10.4046872069061 9.5555202110977 -12.8615434416262 -12.1221494173451
Nesomys_rufus 53.7573543480681 20.1723110953193 5.11140933868472 1.18987412920498 -12.023368689389
Noctilio_albiventris -54.3687878304501 17.6259345665537 -8.36107557163896 -1.88378665001481 5.55356861182465
Nothrotheriops_sp -6.56751388137409 4.70451270796946 2.01767169120286 13.9736455217396 -3.33836689333377
Notostylops_pendens -12.3286889856232 2.20764350771559 19.5040895489021 4.95219286586277 4.49455595774206
Nycteris_tragata -46.4806359923453 -47.0477065681047 -44.5741720183867 5.06941966114101 -2.75245640979351
Ochotona_pallasi 28.2120731073455 -5.09168492266291 -2.91164091997517 4.90425194812095 -11.6890622907112
Odobenocetops_peruvianus -257.028470940621 30.3626928438883 -32.4694763030085 -16.9643593748034 -5.65005828524491
Odobenus_rosmarus -61.7591894671672 45.7298780007054 -17.2132378825825 -11.3069331306403 -3.45152253554018
Onychomys_leucogaster 18.6405660321319 15.8714107762636 2.10453862990818 -6.95475931922806 -5.72069502244477
Oodectes_sp -20.5398623488562 -10.7600899471336 -4.90392210008072 -2.23836657504303 4.45473127746036
Orycteropus_afer 21.6234673959279 2.67637092960566 17.0391456177251 5.59874049167199 12.6466339451223
Oryctolagus_cuniculus 28.9064073909529 10.5692946021278 29.1792452917494 4.81265311584148 -26.055707364695
Osbornodon_fricki -17.5493658875732 -16.7126345957598 2.94720302785475 4.36029451748399 -1.0045437956904
Otolemur_crassicaudatus 1.96072965675102 -9.29859858171957 -8.30226873731005 -2.98434229855672 -6.77432971427814
Otomys_angoniensis 23.6963026381274 26.1763104567979 20.7160197043925 -9.42233322279833 -15.7679016337333
Paedotherium_chapadmalensis 21.9054574632518 6.64319274980575 18.3556914698223 11.0009982957776 -11.2301623379966
Pakicetus_attocki 46.3865928169853 -6.82201237158438 1.51359022637291 -5.50680362574362 5.90222815286311
Palaeocastor_fossor 2.965808876308 51.4082758999375 1.93045594083464 -6.16800493631128 6.61868297144774
Palaeoprionodon_lamandini -7.66587722048223 -12.3567471095667 -24.4621156886661 -3.52841541580641 -1.4340714963074
Palaeopropithecus_maximus -4.53611337424555 -19.9511149754998 -13.9225519588339 5.98791591346088 12.3494616311453
Pan_troglodytes -73.4134913089989 -22.4380467533443 -41.4119780053212 -1.85722668986691 -18.1801943177508
Papio_hamadryas -61.4323662145888 -25.0766155160942 -0.573957166708471 -16.5198046649315 -28.7535607849796
Castoroides_kansensis -12.6726994052656 61.1310026101081 -3.07511580130835 0.500329816263214 15.0888369888545
Paraceratherium_sp -0.656236300651303 20.6621048342939 2.07552561725264 -11.9219045885125 -10.1671831751864
Paradoxurus_hermaphroditus 16.7081536634815 -21.1800062485416 -32.5680606946205 9.23557517739051 4.25171708281368
Parahippus_tyleri 51.4925096158941 10.6673771340056 7.45769027712488 -10.359834861618 -11.0802346108393
Pedetes_capensis 10.7525648551203 69.3878645520944 5.14067632019065 7.53102806185048 -10.4566400916871
Petromus_typicus 38.988009127849 11.6996543676849 10.4217997418186 -3.76533070183757 -1.40283622012689
Petromyscus_shortridgei 46.9268313917244 12.5116198767862 6.6474560856379 -5.33677265238505 -8.41305704662468
Phenacocoelus_stouti -23.1618708101209 -14.424359819049 9.06374225422599 -0.0163594395709093 13.7906614944484
Phocoena_phocoena -212.058094563372 -0.338868386196249 -39.8899280219221 -11.3479967164579 -15.517345863146
Physeter_macrocephalus -215.199910378275 -93.2206681352603 -17.6569456162296 9.61030478377329 -10.0460608452696
Pipistrellus_hesperidus -62.9849779089711 -16.6929201631926 -7.98664421830422 2.0515924709717 7.39956995722512
Platanista_gangetica -237.531867846217 -25.0619031295221 -25.8909956353545 -20.203664212505 -21.0021822629196
Platygonus_compressus -17.5597509860242 -6.34192674298669 32.3339726586842 -3.55956306255838 -1.04426238118192
Plesictis_lemanensis 1.06528329926365 -9.73809736495329 -29.7327059593864 1.31920377497965 -1.75893324933199
Pleurolestodon_aequidens -24.7353609262856 7.35234197426816 -6.14413015912406 -4.7049621874882 2.87615218062784
Poebrotherium_sp 17.6007055225873 -22.2149362895672 6.79211175768317 1.44493149835146 -0.629658836672584
Pongo_pygmaeus -101.545178967321 -21.7243826223042 -31.5935993173539 -13.2637539368067 -22.8743828425894
Pontoporia_blainvillei -240.168298554476 -34.7134029973166 -29.960009039912 -16.7788727532267 -10.1782195571332
Potamogale_velox 1.2539215637237 -8.14735285866569 7.6156877870063 -7.34491770987352 15.9001816387329
Potamotherium_valetoni -16.6652942129826 -1.54192526039806 -30.478927924201 -6.71856501332888 3.83296467782764
Potos_flavus -5.51764226875634 -13.090701692676 -47.1382126694431 -4.59855987987953 -5.42324563694464
Prionodon_pardicolor -2.67815019668511 -16.2811008050552 -19.2433432453066 -4.62497403625226 -1.3534526060018
Procavia_capensis 5.31468628288993 14.3173359263057 -21.530818901306 9.79558615503901 -0.719966292320516
Prodeinotherium_hobleyi -79.2231026026431 32.6040113394993 -45.9250271871423 24.3032534040193 9.44773018367203
Proechimys_cuvieri 44.365420304455 16.479825016242 11.9709643702161 -9.7935516459163 -6.05329897342404
Proneotherium_repenningi -36.3353276446102 -4.73335094878952 -28.0007987404542 -4.41265127099918 -2.27443390644158
Propalaehoplophorus_australis -2.42417713063612 12.9574793205516 -28.4399806401919 17.1258586444063 -4.38514367112707
Proteles_cristata -3.23453505228623 -12.5541854199622 -15.6664083528456 2.23985461032451 0.760679571522623
Protosiren_sp -122.988279821375 12.7064023562798 -29.2972207924492 2.28936131740529 12.2066007607335
Protypotherium_attenuatum 24.508245633872 12.5663347971535 -18.9073813082286 -6.2901229429468 -4.66570648757125
Pseudorca_crassidens -214.29559859911 8.48164327193611 -32.2988987726709 -7.25312216473097 -8.95113538784252
Pterodon_dasyuroides 8.01304273149052 -2.9275277730913 -18.4346000258251 3.85638518836729 5.1566778914105
Pteronarctos_goedertae -50.4874961527352 -13.0653923926391 -28.2854821351043 -3.4724658143456 2.26107070350109
Pteropus_niger 7.55334233364902 -20.0449255934839 7.20312072237939 -3.05808194065439 -8.40495700822441
Ptilocercus_lowii 17.6843661113382 -7.66084922600644 -3.96288169061053 0.416206870909843 -2.84273001338763
Puelia_coarctatus 5.42552565503008 1.70336179683178 -9.56381296850435 5.51454722806297 4.29430421787854
Puma_concolor -22.5838926339902 4.67440549470721 -24.0093046720282 1.79144016633556 -10.8606395398373
Ratufa_affinis 39.8179798821778 35.182046660893 -11.5168857652721 1.79859886066502 -17.7272076873653
Reithrodontomys_megalotis 14.7268003511481 9.85245218718558 5.94794041688259 -5.47725676312377 -12.018191508366
Rhinolophus_acuminatus -58.3673274584932 -6.50188420793709 -11.3667089357444 15.3960708473241 3.18950826986087
Rhinonicteris_aurantia -54.5809251226052 -20.6008357139382 -18.4217831470052 6.97782010925277 -4.44761620388247
Rhinopoma_hardwickii -40.7908366276322 -9.33392179176964 -21.3406297375574 39.018313184329 3.86676306030099
Rhizomys_sinensis -1.41314600729715 39.0575780459746 -1.32731028340873 -8.84069848065045 -0.93630356559559
Rhynchocyon_petersi 47.4646191540745 -15.7077262958699 -13.2850119531665 2.72695392495699 7.37116633286672
Saccolaimus_saccolaimus -62.4674421732605 -9.12719315304992 -4.42407339915364 8.7476967197311 10.4150041771692
Saiga_tatarica -156.397054484055 17.1082563814411 -14.3271600556972 5.23937376077447 12.3905686612331
Saimiri_sciureus -33.796236083337 -6.94467590019396 -42.5188461901191 -5.37847183305467 -10.897305875483
Scalopus_aquaticus 13.3710583196871 -11.9380224735912 11.9799143224304 2.60026680592383 1.21868307407235
Scelidotherium_sp -6.53243498514098 12.8497988938265 15.678827494968 -9.10524104225484 -3.66558998690265
Schizodelphis_morckhoviensis -218.76313380397 -50.12747462589 -27.3618707255564 -6.84212309935551 -11.8453255752529
Sigmodon_leucotis 22.0907081815598 14.3175765746157 -5.66305272122099 -6.56819841626861 -11.7350052607358
Sinorhinus_cornutus -35.9972379902975 15.6606457146769 -19.1723601535962 7.47475706840473 17.0846800362333
Smilodon_sp -65.5327770148103 23.2076805185714 -7.25936765619722 2.24752788548312 -10.0892691721049
Solenodon_paradoxus 19.4435689611913 -2.99109575916348 46.534305664969 -6.01022700789776 10.0735248613136
Sorex_monticolus -39.0176961938268 -18.0891462398596 19.3828189407535 -2.69273877558719 -0.990835008979785
Spalax_leucodon 27.1275297919371 31.3725192989522 22.4908154166438 -20.3174630263359 -10.4910365854038
Coendou_spinosus -14.4951678827843 40.357295833803 -12.110046682365 8.54785286964153 7.31320919490431
Stegotherium_tesselatum 61.3655031026575 -21.3859571540502 33.8102641643961 -4.72726640105169 12.2455545529724
Steno_bredanensis -226.43351014699 -0.342986372537331 -31.8897541077067 -5.61008517308407 -11.2808480284016
Stenopsochoerus_sternbergi 16.8477639734207 21.8821297282354 -10.9050905221225 0.956166288335365 3.07367744722151
Stromeriella_franconica -3.70668512054932 -10.5793923787737 -32.3935631009653 5.10555307338126 -3.90785470240826
Sus_scrofa 21.8358019282917 -7.79710216559624 26.6938509349856 3.73935251805606 -1.30548547354475
Syndyoceras_cooki -90.7770907619266 -38.0501060719598 -3.69743372019989 6.67280857309806 8.67772844144296
Tachyoryctes_splendens -2.80221947639954 27.6520329742277 14.9509864632063 -17.2438104593508 -10.1586651256292
Tadarida_brasiliensis -41.7389245662932 -12.9754001385435 -13.8811711799541 8.62271840946649 7.82559816093899
Talpa_occidentalis -2.1804671634582 -17.7424284752537 -13.0222967525412 -0.922306889426998 9.51727047527534
Tamandua_tetradactyla 34.3064030709526 -8.62342709034936 1.76974348568247 -2.96410539402708 -5.2193619662502
Tamias_striatus 63.293769358461 8.4399801567679 -8.33898319728355 0.0739459895061145 -15.4652638491217
Tamiasciurus_douglasii 54.3477089501162 14.0430640418515 -22.6506012479352 3.57838741358208 -16.3586984618868
Tapirus_terrestris -136.427560889613 -7.38138712081222 -38.1298895213169 15.548578276956 1.27622337782839
Tarsius_tarsier 0.9343741551019 -7.92076706257946 -28.0720646682969 -3.11332487636342 -17.9775129611613
Taxidea_taxus -1.0098435551707 -8.56252556208201 -36.1656275999901 10.9556276524654 -2.02493244376865
Tayassu_pecari -3.31011829559281 4.35022916046739 48.7147731424895 -0.281673116759909 -8.63086527414266
Teleoceras_medicornutus -13.8817814623449 51.6159096401975 -12.1353130946948 15.9324787463836 5.31274476417418
Tenrec_ecaudatus 20.7896413758383 -7.86940952879545 -0.902793516506752 -7.97125977043107 6.86692859615817
Tetracerus_quadricornis 15.8531883905013 6.67734915322817 -9.84408764800991 -4.66312741832536 -10.92100805922
Thalassocnus_sp -7.14068454505109 6.95990557796117 -20.132126026608 4.84553584754482 -1.10339069971511
Thoatherium_minisculum -10.0034816100376 -6.32460255317681 -1.57339570393124 17.7905012395918 8.4429553335119
Thomomys_talpoides 44.9323451674141 38.4311269125906 -10.4311326204388 -10.0930543045562 -2.23827002864534
Thryonomys_swinderianus -9.42672742753579 36.4089364918528 -2.68122785442674 3.73424889907652 -10.2194276442427
Thyroptera_tricolor -32.7328048445835 -11.3828627077715 0.503932391233453 4.81153146471579 10.5708798150056
Tolypeutes_tricinctus 56.0297681790827 -2.20319596910877 0.9282336860118 3.73708019919368 -10.3458489927535
Tomopeas_ravus -64.319454676087 -28.1355324230438 18.5762186970988 13.3119056936222 0.779429862081389
Tragelaphus_scriptus 0.0401832885966709 -10.1392779070301 4.99322833295277 -3.15299974908013 -12.128360147871
Tragulus_javanicus 28.2429844938046 8.24732886021228 -15.0115586347797 2.30558740221801 -5.85013245605211
Trichechus_senegalensis -123.897778904894 -17.5787135789154 -43.0488159753239 -4.26802167644471 -4.31352860888283
Trogosus_grangeri -43.9316822304302 3.58418778925547 3.45513728543526 -3.38037380372653 4.55048778780427
Tupaia_glis 29.3130345260619 -4.15737853112369 -7.57079988842084 -0.308027405311834 -5.94526831768329
Tursiops_truncatus -223.437595685443 25.5811518485639 -34.8841029394763 -16.5861690187954 -7.93090527452979
Tylomys_nudicaudus 33.6886322880225 21.1483461971211 -1.17225839367706 -11.3535657240085 -0.0366335026410684
Tympanoctomys_barrerae 20.3326904060783 14.2672436334364 -1.06220818138917 -7.10111040718524 -9.08807729240792
Uintatherium_anceps 0.890767450907573 14.4813262390468 59.5259466055348 -6.60679397488218 10.4882983540524
Ictidomys_tridecemlineatus 71.0922236505777 18.7547646010477 -16.3578237757799 2.70633814333731 -17.6197846652305
Vampyrum_spectrum -27.8857071820473 -10.1575335281934 -6.62187719416533 0.15305496357241 2.02152673778933
Viverra_tangalunga 14.9118753006207 -16.2147475688812 -35.5260580760592 3.23119508547815 6.88198277453686
Vulpes_pallida 4.63091069364897 -19.7749943435752 -7.2727831280031 -2.65668709674292 1.00437406380461
Xiphiacetus_bossi -217.314671104747 -40.0960926756723 -28.4081101315801 -9.41269865444898 -12.6530498890112
Zalophus_californianus -15.5880458675622 -3.90032286846057 -32.0428033107644 -9.15592478070664 -2.91896301506261
Zapus_hudsonius 38.8292259440767 25.1168502140292 12.0457187912489 -2.30361783354031 -11.7851146464705
Zodiolestes_sp 3.35745849255621 -11.2623234716106 -28.1763596426475 3.10913510401067 2.16791475129902
