Acinonyx_jubatus -22.5054525936664 -18.0434900302125 -15.825884901473 -3.34541055847865 14.2722749692197 4.99215656665111 3.23016574366038 -2.19537111394606 7.95521716405197 10.2232310183139 -0.0884267962108483 -3.36132058602859
Acratocnus_odontrigonus -9.07997000357391 -5.09041964640634 3.71717012667632 7.08949989754339 6.76514002312947 -1.440837158511 -15.9329840906182 -3.66802262288087 -3.007917484516 -1.40765590551277 -4.50071672095238 -4.06990448428152
Adapis_magnus -12.1634931588668 -6.65125207476213 1.85527254025706 5.47393453709374 -2.95660519330825 -1.47024364353944 5.20297018892511 -8.61637690856486 2.08336814704917 -9.051884688645 3.12715579406109 -3.07211424572491
Adinotherium_ovinum 16.8696075173137 -16.7005643344306 -20.1407819014613 12.4536423858994 28.598119108508 -2.53778655475816 -1.26008018700338 -5.94939010713003 -6.59785904017412 -7.2410046812347 -4.67760479223601 -7.16044535657819
Aelurocyon_sp 6.29929631798393 -2.55876432337111 -10.1955475584179 -2.24749426087137 -8.78674024808796 16.1897083439148 4.97797120269514 0.483401766830095 6.40635981666826 -4.47948886299109 3.13036633918881 -0.287736480804408
Aepyceros_melampus -19.3683910921911 -31.2681936787292 -15.6317937448101 7.94089374844885 9.82263244204244 -13.3547134676577 -1.26768219381448 -2.40760669010719 -5.73609633748483 9.94830839063493 -4.05350929633396 -4.96336598482358
Aetiocetus_cotylalveus 57.8617029924414 -30.9916941720323 17.1294539616432 28.8253361583728 -20.1406288380028 -10.6332389324257 3.33147579925838 -12.943569022021 2.46118560258033 3.17565410411672 5.07723895918351 -1.83270344539245
Agriochoerus_sp -19.5444708991757 -7.27779026056653 14.6114946341715 -5.77399718239298 7.21353872821042 3.00429946160109 3.69506312095799 9.18205633832006 0.990411258228706 2.66370585219242 -0.148042450690057 -3.76034576007227
Ailuropoda_melanoleuca 1.66442046072483 -6.84350301217657 -18.5680254228165 -3.73027425452036 7.82187926959072 10.6605785252986 -4.5332605862641 -1.6760548931724 4.16015310051856 -1.03271601391112 2.87674188068928 1.2325001466887
Ailurus_fulgens -28.2752723287454 3.44737688516251 -17.7255501436099 -0.913743261026833 -7.04248416517724 -0.319404745952859 -9.55872225880284 0.25230740157924 2.48660931423853 -0.716451358984186 6.18330940596386 -0.0534901869418057
Aletomeryx_scotti -22.7284476237883 -26.9117711666296 -0.267322643210662 4.40447722316638 10.5553929032363 -3.16503886234375 7.02623720105769 -5.50568159185018 -4.21534419890831 1.82547158191861 2.86672179094911 -7.72419423232439
Allodesmus_gracilis 28.4404440832366 4.19101746101426 8.65664203543602 -4.15555813255147 0.591270622060241 1.83176358964337 0.628879439668905 7.43867113912661 11.4845075128771 12.9408851756084 -6.69060547883778 -1.86183007331344
Alouatta_palliata -19.288694249177 11.6061920012776 -6.92095101861909 -7.59690086775448 8.77591663893024 -7.95951505964524 28.0013466828198 -9.29258877157792 5.90231351152407 -6.72797386393671 3.86427194676622 -3.48323411641167
Amblysomus_hottentotus 52.9964239270602 26.592308216048 -47.5274001750534 -22.0892350828699 22.5261819050653 -16.8668342824862 10.6793992831533 16.9401959944487 -24.0701608991504 -6.89195084680847 -12.3452487157309 10.3322830128367
Anchitherium_agalensis -34.627686393928 -16.0589786900001 8.89504003209355 -4.07182144865743 7.6510877965129 -3.22270381548311 -6.93027272075367 2.94410290545311 0.220313888047761 5.82729967755966 4.37302555295625 -6.294306528551
Anomalurus_beecrofti -26.1336138923677 17.1202387985637 -11.3762914188732 11.4991509426956 -3.8750775684645 0.179624009359931 -4.45290122126384 -2.1576107128953 4.54292099808429 -0.367617114167264 3.43919652212132 1.25262919891826
Anoplotherium_commune -23.4242412290483 -16.6150176072828 14.8102774357437 -13.7550087968898 -2.87407451674045 -2.56609792312555 -12.2559669433685 4.98388642758538 4.74313216212345 7.38974186977978 3.66391341265763 -0.647447973946563
Antilocapra_americana -3.59727721994737 -42.3434448230488 -6.93952631234519 2.32034284385625 -0.991402581328686 -3.59084421779465 -0.00860439505868293 -7.13352554330754 -5.77484054404049 1.40925346487504 1.51448233027525 1.20074541891223
Aotus_trivirgatus -37.310952823058 24.8133885614111 -40.442498800497 -16.3998880993626 0.691742315270853 10.8663978271871 23.6082357983977 -12.3819020794953 -0.116099005345995 -9.25181642491611 10.2713824604907 -2.75243766790302
Apternodus_brevirostris -2.55719389475654 24.3676213726563 28.4255638311362 20.4393903296929 9.73534596988959 -1.93414534431255 2.6457082665122 -10.3746537156272 11.6489050122405 -11.9492018271175 4.74509457498322 1.47082559162263
Archaeolemur_edwardsi -9.69267697032114 9.32984074813384 -5.46927607483 4.4614839954078 -11.3450300240619 4.98180459031497 7.4299066710213 -11.9970408584618 -2.21417700428733 -6.70900682092287 2.27343466071214 -2.91017291082448
Arctictis_binturong -5.81996268015928 3.78825517828999 -2.5639524686905 7.68483484198862 7.07166459484906 1.47867074270219 -0.170737352156986 -0.313842025298769 5.53414712905485 11.650551390633 -0.392203133573034 0.0494263204425423
Arctodus_simum -11.4370934901443 -15.4747772697381 -9.20715303520743 -11.9815343562082 2.16179907410268 3.7022610830789 0.253012118398478 4.47559036789216 4.94034516592719 1.21169206607715 2.92940923117371 -3.00805318179282
Arsinoitherium_zitteli 34.8202266196099 -19.018091832351 2.63463082177232 4.52242453302985 -11.2585935973997 1.65612360783769 12.6283055128714 2.69001997281601 0.245478791955172 15.4527912132245 -13.3270020626142 -3.76018834138928
Aselliscus_tricuspidatus -39.0631211771192 24.9915439667807 7.12886776853089 -1.8040550655465 10.2916046687816 -4.8645724594008 19.8496307739153 -4.42120715862348 0.449124288032247 9.10795992765005 3.24749969729257 -0.677955541808758
Astrapotherium_magnum -6.7406445834545 -17.0001079073425 6.88988122207547 -22.5949623991203 22.2502855583923 9.19183968438069 -8.35231048168029 13.9297884710857 -3.93052778188668 4.14589418276943 6.06108258357226 -0.856038065705334
Ateles_belzebuth -16.8938799757923 31.4512978543911 -29.7376228626655 -22.4020461940302 25.6528856567486 23.0050335894393 29.3137802512544 -10.3675545886552 -8.25524082624556 -6.86964331412438 1.79688665589682 0.22649725847732
Atherurus_africanus -10.5551178255828 -0.0556316130929303 -15.243022570776 2.88008904561974 16.0705825087353 -0.39297111332501 -6.33448543654931 3.33125987733587 5.7168324678613 5.05171859196852 -3.66455888152327 0.634031448707439
Balaenoptera_musculus 49.6838814556825 -67.2795720857555 17.9794572887302 25.7664940873104 -19.0842999840873 -16.71194912029 -18.4673445743444 -5.97782993274526 -1.75218566090253 -0.213065313008407 -7.87258721536444 3.05748938933717
Barbourofelis_morrisi 38.1159517416605 -5.68487462874934 4.97299796975508 -30.3380215825131 9.307764199942 24.3777636643145 -2.19138730057328 2.08073269320124 2.61677606787051 9.13470592044915 11.6779321711754 -0.532974481210029
Bauerus_dubiaquercus -2.38883649453439 11.2175991468036 17.0575678558291 -13.5361317139206 0.089284821040013 -5.1006695853894 28.7025301328659 3.97118691607087 17.0689982453424 2.00332315656945 12.9067143354484 3.15281520425595
Bos_taurus 15.9174175882004 -29.7899280550315 -6.09155820519481 3.27943615821123 -3.42325875466269 -3.88102708395368 -4.32864521274685 -7.77848979373258 2.38258688875887 1.47458961793235 2.19573589242076 -5.22301080065373
Brachyphylla_cavernarum -13.7781072369984 5.82929385579349 -10.504362820844 -8.15780894088811 -11.1048966481808 1.15358773396573 3.49336206715549 0.927284912085364 4.81607162614402 0.18299522370224 4.58799472343816 -1.52385170554861
Bradypus_tridactylus -11.6477979547775 18.0826944769808 2.54489337700589 3.52219408459134 -4.90221567402726 -9.21568993108835 2.66778697909956 0.0186631176572803 -0.23808671047526 -4.23594273742875 -4.54892831108506 -0.921965890892388
Brontops_brachycephalus 5.16275418289588 -6.35744178039728 12.6652820401553 2.45838090617683 -3.71811760524347 6.38243404722444 -9.85990681501555 0.652152494162234 -4.09954483600304 6.89488354189973 -7.32357239064403 -5.59442616423874
Cacajao_calvus -25.9297198100735 21.3020050263353 -32.0347722311015 -16.9101375354791 8.12310861186685 11.8580071008207 22.8546213343858 -12.6706478006326 -3.36962847275311 -9.61996636318846 5.71570850602315 -4.4852548419205
Caenopus_copei -5.92846731197678 -22.6228472039869 13.4168758822025 -15.4934361872702 3.8708599406244 5.34450083883445 2.79891626366402 7.06461932436266 0.710127292983044 5.0002085313715 -0.433767581341425 -3.62078375822112
Cainotherium_laticurvatum -24.0515574900946 -14.4928786087529 -24.1047216251246 2.83907147838906 25.2532489055488 14.9862982267171 -18.5526298457393 4.29844935458947 12.7275800954394 1.0461263674254 -2.74925964848301 -0.948747713271253
Callicebus_moloch -24.8685764257825 26.2159164438382 -34.1648594927312 -13.899999258331 1.91113678470934 2.20694943206631 20.5371301094244 -13.6028287460514 -2.70959857091175 -15.8412478191412 4.43850398856584 -8.34170026208557
Callorhinus_ursinus 41.3904314627249 12.3365812815464 8.73029986796968 -16.2956874806065 -23.6639564560989 12.8957988632188 -21.3970273708857 6.48611714737909 4.54306911511376 10.2911513367569 2.17692621928581 -1.46785085797974
Callosciurus_caniceps -20.1002651777315 6.27505285423746 -23.654267276252 7.0073643886193 2.15669222374832 5.04542459840313 -5.8643943531395 -1.06839724247249 3.39490525177636 -1.84339038141484 2.00776579652641 0.83033455101501
Camelus_dromedarius 6.44226943692903 -27.9958115402625 9.01500878283831 -15.6183578038787 -11.3799474125674 -3.18232243834395 4.08996348354685 -4.36574601335365 -1.34013707828505 3.24793420207474 6.73307817111318 -5.1469120469382
Canis_lupus -5.49714160610278 -19.8759151802905 6.526921449909 -9.28486842068309 5.9236642411466 0.23419429712109 -2.26440962086136 3.79136826326945 4.13988622216646 1.27964001470584 9.33628440437969 -7.33387841180473
Caperea_marginata 75.1881466336423 -50.4084047127947 23.9469926829144 64.5694856694847 -41.2718825556528 -22.5283145300132 -8.48753861224309 -15.5406308714557 0.906572797656338 6.79970490104611 -3.03140084527322 12.463050043555
Capra_ibex 2.04327285380998 -14.9512894837785 -22.2009444556533 6.66160069800282 8.38687614371128 -6.26776170080798 -7.46734181528574 8.90180726112669 -7.48611312568498 3.16570129954396 -2.65875634027672 0.348307917911493
Capricornis_sumatraensis -17.2547866465988 -25.8681094984681 -5.25040538111504 1.34112246811675 -0.533131926506617 -9.9770112548577 -2.18749933907467 -2.17353151591145 0.0888127878221446 8.94311886537659 -1.86541309873474 0.250642947172736
Cardioderma_cor -35.9535395864531 22.9818548172747 -10.8262229109073 -1.1735277732516 -3.82918401551637 -0.80612558577861 16.4632341185962 -5.88222676020302 18.231250637512 6.14166684987942 4.27412890952283 7.37713501572879
Carterodon_sulcidens -14.0950609229589 32.0846533758047 -11.292695928097 -2.9923539650218 1.77046138382415 -3.28834426631039 -1.36973873350181 -1.79463400899875 -0.917160489264209 -4.59099645975536 6.59602585434109 -3.38743739654316
Castor_canadensis -7.65987551264789 12.2236400433418 -16.3136529032068 8.79629894692735 3.75356901334482 3.37637026754223 -11.8685455874385 -3.05867996198223 3.0145648610105 -3.52603011665631 11.4110464807622 0.375646379320161
Castoroides_ohioensis 0.312262119514931 -12.7217312675177 -22.659228426811 29.1088904567965 10.8980792461078 2.62913963875912 -9.87720340200049 -9.75006574950106 5.80961157560425 -5.67252869318052 9.08832617422374 1.75599293246872
Cavia_aperea -17.915316843667 -5.19824187211575 -6.23678467076202 9.65976637637517 4.95468899984463 6.79066688163253 -6.0684665676241 -5.15603933851513 -6.65948485964832 4.1174137575764 10.0289021259497 4.22885791228728
Cebupithecia_sarmientai -7.94070463536202 13.3000385494508 -27.5956417304112 -18.2416275580631 20.5753803603018 33.2125233739121 25.8716310954859 -5.52550536504937 -12.7357965944938 -14.6106558168033 0.583306241202667 15.1496870589531
Sapajus_apella -30.3676828619401 14.5599391187803 -42.5514447041914 -20.2548378092653 9.93537362497985 21.4516694482933 17.3630222563622 -13.802959274235 -10.7295443057394 -11.0096795478795 8.69569332709433 -1.60751680776435
Centurio_senex 11.881723329501 28.2352459124165 -25.6354253236935 -21.8288373296269 -2.48250036197186 3.5706229506332 29.9041640109955 8.65689432772038 2.02937103099585 -0.432187213406559 -0.591902137617917 0.888067461878905
Cephalophus_nigrifrons -8.88623570981968 -24.2550294360732 -11.1174835355321 4.63519807354484 5.07245811809411 -3.95434031982764 -10.8837447070084 -3.37221952946986 -1.709191140429 1.03042787410895 0.720277687287667 -2.82061158235585
Cephalorhynchus_commersonii 105.480088229217 -20.0902339995499 28.6154591402138 -12.2433845811589 -23.3953313335871 -9.28696755991803 -20.3628402629266 -10.4673707002299 2.25375337679733 21.0437346129983 -0.462574771676284 2.0439584885894
Ceratogaulus_hatcheri 88.7284218064633 16.0940764330651 -33.4860206402499 12.2764554860852 -18.8422385246369 -22.3970802378896 -8.81730948152596 0.565793086895549 -5.3747119720447 -13.4329792255198 -3.30380146676282 -8.42686217146642
Cervus_elaphus -2.98046803398798 -31.7683261469019 -1.5297517237266 7.08260552534175 8.42518807750453 -6.2242292717872 -0.308606315068972 -2.03870027391429 -8.67986405918482 8.29565029774134 -3.20725978582338 -1.67529303841447
Cheirogaleus_medius -10.4415512347823 13.4445523226778 -14.6560821089611 -9.39197289760676 -6.33398681975357 1.84713195517595 -1.25496010934981 -6.19177555695492 -1.12967176202742 3.12087144321563 -0.366142009216814 -1.26157119127545
Chironax_melanocephalus -32.0000400429678 11.9543585922384 5.75349961493512 0.487354789152633 -6.26143498570497 -0.134663798528652 -4.14738846880156 -3.08545572259788 2.6947986900173 3.22545029315879 -0.314008226958318 0.396728973765246
Choloepus_hoffmanni 9.0046834594009 -6.76538367091419 0.109590501567268 8.11486984797037 -0.159538360228693 4.15195344269464 -14.325757807724 1.1567411114557 -2.22523709120582 2.05952341811438 -7.08607577174446 -0.405460195595095
Chrotopterus_auritus -19.8139996350167 19.1255166582254 -0.197686065342228 -10.2724937030385 -2.91924522863268 -3.42791131059638 13.7192799242268 -5.6405138896369 -2.75806152722614 -1.29862199713162 12.4897249628521 -0.944695458577681
Chrysospalax_trevelyani 62.1157796368424 3.90687351825052 -42.5767103200798 -30.8914647940755 20.8604733668844 -27.8700326730519 -1.43771774625058 40.1322058203804 -0.26806646663393 -4.46498543925013 -11.3804656995545 -11.915285028375
Cistugo_lesueuri 16.3097634201718 22.6238449740366 26.3300313705002 5.36328518197064 8.07099021992785 -6.43370053790793 24.1179642908483 7.41320224279389 1.85788630025438 8.95679186739219 -1.39310274819723 3.67124982082182
Coelodonta_antiquitatus 1.49421249764568 -13.9565825349345 2.4787129292829 -26.3973231527715 27.0739467208607 11.0563216072105 26.9145023809317 -10.34204388687 9.02749426200888 11.3737771390542 -8.32269086781402 -12.5201181618105
Colobus_guereza -4.60983031399826 0.320475115592598 -29.3245824491648 -13.5327960887532 7.73148170235007 7.47413019007544 8.47817060640488 -20.5927560566051 -9.55762077087619 -5.30403576283726 2.530405565466 -3.42999152043828
Coronodon_havensteini 43.8190027456551 -26.8707100085423 30.8821228300883 31.0983946806996 -0.021374859743819 5.79258633443651 -9.45670158092109 -3.99528464917017 5.80342063156601 -0.540932623020199 3.11485210451332 -2.5153528966925
Coryphodon_hamatus 10.8429364450868 -11.487957321599 2.46239924682174 4.80873929505925 5.47802967428044 7.67779589389516 3.78239905359332 1.83568274402747 -5.47592020779221 1.81603663417394 5.32289832003193 -0.876295345733749
Cotylocara_macei 58.7627863805623 -41.0821549050545 12.5820941925719 -0.17814213904117 -8.69083925501257 1.18326315207737 4.59568674580332 0.62404823550225 -2.71050904080288 1.96031100784638 10.043119226784 -0.83803740657625
Craseonycteris_thonglongyai 29.5016512223914 48.7155715779135 11.7971792168589 -25.7527247461596 -8.75753435816117 20.6520346611019 15.7090921182327 14.3603206517757 10.330535779116 7.62098085879741 1.65038790841106 4.67154350996536
Cricetomys_gambianus -6.06634917914244 -0.138118576480018 -12.3546056017445 4.94795472675415 -4.39866399302276 2.354513841432 -17.5147513391884 -2.66424297557035 -4.23619491203858 2.85502435712709 4.21442156132259 0.354875304654298
Cricetus_cricetus 9.10333537050229 -3.19124368058448 3.44644168559791 14.2449416583998 2.15511707108035 0.363884905913857 -14.9189129090335 -1.71193815737206 5.4615958791121 0.272164598601748 -3.09363210664804 -4.78920377450727
Fukomys_mechowi 3.68360508332702 4.64508237730702 -14.9542794397559 16.1441133150856 6.46435425231648 -2.95357668885175 -3.43283427575276 3.61863017862949 3.13561781674805 -11.5194856060309 4.52527237939799 -4.48692411597848
Ctenomys_knighti 3.02922428097792 16.8810234602058 -15.8876034389097 14.316133301854 -15.196765502869 -3.46795782679186 5.06645985534562 2.41513011918787 4.53691153667421 -15.3765173922521 -1.40872741870807 0.196900418708138
Cuniculus_paca -0.83295969225803 -16.6501152336861 -4.69636643283659 12.7820831110853 0.325423540377784 1.29036287632343 -2.20478482024932 -9.82476965672799 -0.141055978582005 1.75644232656397 9.02658761112601 3.87493650138658
Cyclopes_didactylus -35.7391891673315 22.7094087364212 -9.67631456152356 -1.79418792820954 -4.32645858066484 10.3964466145149 -17.5955984333074 -4.63911756558837 -0.695909403250845 4.21879282016309 1.27658607704628 0.54964276574426
Cynocephalus_volans -4.55797494511046 -5.4866793775109 -16.7543727086088 1.17561948718049 -7.26579760422506 -6.41399774438055 -3.10054835113008 -1.36778456030239 5.47990146078982 2.46708897665621 -1.98216364244675 0.587219206277192
Cynomys_ludovicianus -6.5486874855174 -1.99402843772691 -23.1950819398124 18.1662139748174 10.2320821370417 5.43923870906972 -18.6559762497324 -2.52128216572037 -0.663369841507253 -2.48279010521008 3.65501908860884 -5.61087069189059
Dacrytherium_sp -31.389895667499 -12.2018352902115 7.91695220099822 -0.92355308238012 2.33579032656348 -0.306658494707327 -5.18958442770758 4.27802373775489 -1.93913555594718 6.81286535671223 -0.222144902072709 -0.831096506320557
Daphoenus_vetus -14.9387709683222 0.360757506485731 14.6702762164852 -9.4041150681162 1.94698369704864 7.90718143364536 -1.49020887657818 5.31172944518607 0.313020563248241 2.50471902783955 7.65876658449242 -3.92364860041829
Dasyprocta_mexicana -20.4109571231648 -6.3273734379059 -12.8523101369463 2.31484060849591 -0.33515066251155 10.8773449022325 -9.9065083417682 -2.65152170741141 4.3047164152716 -1.94239622867097 5.3632226071853 5.0797098720484
Dasypus_novemcinctus 7.35624974649403 -36.1017047008017 -0.428116373123919 -4.69506791064859 5.59969968151309 -3.0925428873194 1.5162896574017 0.315608587700105 -10.1798145564185 4.30453506309798 -2.83470067533062 4.94191344540744
Daubentonia_madagascariensis -15.5192899611203 9.12169995203273 -23.0592446502871 -7.19646896749473 -6.51560083283549 2.23999680451369 3.33758097771227 -8.70673984744771 -7.3330242147265 -6.73369830675658 2.57231603995065 1.37842386968646
Delphinapterus_leucas 83.7585776014548 -15.0240047541774 7.45317636048209 -9.09088426961243 -25.8990558247568 -0.617898836452973 6.00872833979216 -6.03106401382698 9.91641238640105 15.9176189045765 9.67135950378821 2.87045481496207
Delphinus_delphis 90.3024645408752 -35.902326704687 22.1051341409306 -12.6390739045937 -13.0021586025479 -17.719231175939 -7.97330943838234 -10.6880157377657 1.88335410741206 15.1875037759675 0.78823799367424 8.06688961387937
Deomys_ferrugineus -10.3380867904497 27.3688832576971 -2.46240187034124 -12.0114456852538 -22.0231701834982 -7.36408249821607 6.24909685572828 8.81071625117958 -2.83111358707484 -4.45841024164519 -0.8516319672327 2.84426583139141
Desmocyon_matthewsi -16.1948822953752 -1.87137997120414 -2.58528217975759 -2.07209309075266 -3.46911519644855 2.1170172392237 -5.4181214433229 5.76962813488858 0.436067228565314 -0.836933696316581 4.63233421987678 -4.66677069022502
Diaemus_youngi -9.08752720446062 32.481398780511 -3.45052174171436 -12.2175069938404 1.60510661523385 4.26723636958212 17.6711419988681 -0.342039207742017 12.9521621198154 6.10697271874765 4.59024824856545 3.75945695407557
Diceros_bicornis 22.0990923144247 -2.24516447138309 12.2770613716224 -19.7084430643911 16.5487231113049 4.32061293729965 8.04092120797602 3.50751710061931 6.09368967014526 4.93591458507554 -11.8227666634253 -7.40602410010964
Dinictis_squalidens -10.8766874820334 -5.78415197404921 0.469259851387836 -10.8823526169733 0.809956272147455 8.11016835477314 3.61814474670165 9.32937095896931 5.74125698660232 1.16622560068912 3.28201676094048 5.89236667065492
Diplacodon_progressum 9.65733535126261 -11.4390748908468 19.7049992895078 -3.962189100958 -2.06389734733094 8.31632253047178 3.58591995266838 -5.5567742915173 -2.451559390857 1.59242042394535 -7.38040334665421 -10.2465908447125
Dipodomys_ordii -15.4537282355841 7.89328182690138 7.65784448111888 5.31832712444011 39.2612217801323 -7.10827100960979 -16.4309672271204 -1.22725249199812 9.55176823172902 -3.82358160778242 5.17130415280455 13.2602450191117
Dobsonia_moluccensis -35.6006026574523 -0.557857857794939 -1.1227684873613 8.31445571302461 -0.888037490668465 3.87233313889401 -20.087333825867 1.91864709048112 -1.91810368352681 0.709305917318942 -1.13056551292945 0.360258583779285
Dolichotis_patagonum -9.62745903550336 -23.6099776025431 -11.8729520037268 3.78045606826068 17.8803125645357 0.913605875616954 -8.03740595793623 -7.97458570050726 -4.5864380895692 13.230324301936 9.35664071726336 -1.2151572184658
Dorudon_atrox 33.7463480622324 -36.2116174340887 24.1517457004868 26.0861374153495 2.19887290907478 10.6634071907215 -3.98551973430328 3.59457647201793 4.80564217572342 -2.75344348149244 2.14908919688148 -6.41033069288343
Duchesneodus_uintensis 4.74593975043265 -13.0301853713279 6.60862109015503 -1.27541171272619 2.250676706792 10.9409637199377 9.32130348610855 2.45749513393463 2.55150976915731 6.11930881814533 -7.83491023464104 -11.6335252917217
Dugong_dugon 22.1595329331809 6.64609176504447 2.86268458800056 15.7542954297228 22.7408710330653 -11.9606115799427 2.64081878459713 1.67722260299991 14.6332114646273 12.6215408153429 9.85523448362295 10.6725640397051
Dusisiren_jordani 13.4019248490169 -4.06063085481421 12.2307118268131 8.13652181584609 4.12668875023145 -7.4892639817084 -0.350378070845381 0.396562818552673 6.45361494025355 6.86158972969756 7.11405437608265 0.0724462009051507
Coendou_rufescens -18.8905583914934 22.3637268874274 0.0975116490365645 12.2064058237303 -2.69798892495041 6.43675904715618 -13.3646213649133 -4.75511261347878 -3.22105484628062 -7.2742252952957 4.33270904611974 1.04476743938609
Echinosorex_gymnura -4.42317567810344 -6.11843735660053 9.88799687721185 -1.71358892873883 -1.21821118371626 -0.737675012792327 3.47497712891744 6.49109184109095 5.21059991609036 3.40807742020111 -2.46778491522969 2.93905980318413
Elasmotherium_sp 20.0435075440874 -10.3316947489214 -1.81259688104823 -10.3975825304205 -4.25957726956749 -5.3472184003292 8.70505719715636 6.26223990288776 2.43098944743875 3.88813587460373 -9.77286733597704 -8.04624500738982
Elephas_maximus 10.4798534819908 -20.7154866298631 -3.50559418022584 -2.4775204098004 -17.7572582794025 -15.5734364005716 12.5436011665098 -16.1870401683961 1.49023609676742 7.72156147837747 2.36679513145874 -1.2774084219823
Eleutherocercus_tucumanus 4.85317977208262 -18.3916053468302 5.82250975413944 23.3929650676884 -0.773707737720627 -12.9490845934497 -3.63901674022196 1.96363334161982 2.45927697307871 -1.17331717004921 0.274333991252663 4.12185272265865
Elotherium_sp 14.5405386106974 -39.374583469274 4.39809131903384 4.97238326192738 0.00995670385225739 1.31237179664837 2.18206597155881 13.5416098459861 -2.98108012461743 -3.011913813709 5.75548372677788 4.61049518326634
Entoptychus_sp -5.44266407288539 7.35852075382672 -12.6844992344953 12.3946350636088 2.01292551767068 0.751937780812493 -0.596244060352457 -4.91256477836152 10.1008829319115 0.815693511013281 0.0769687922732487 -1.14778964279297
Epimanteoceras_formusus -9.28343800273578 -10.0948376681778 3.64413401192783 -12.1697924399783 -2.46800693382436 8.20445085485767 5.17235021379941 -5.77362788109739 -3.54868180347721 -1.99875403815206 -6.95606800277017 -8.9485399150121
Eporeodon_meagherensis -19.7172841388187 -16.3191624536558 -0.641891656866414 -9.69021992962071 19.8372580352601 13.3833950443561 -2.88761102265853 4.57495878640016 -1.79294651231269 6.08076122065579 0.0351917701336186 -7.29220682518643
Equus_caballus -7.40580282291179 -35.9323923625542 6.01926939241764 -3.67356948216857 -0.396998018004661 -10.0125438373477 -4.05764687875333 0.824963628182796 1.15233568617514 6.8608340717233 0.984154617764183 -6.8370799981119
Erethizon_dorsatum -8.94736163447487 8.15400513463669 -9.05113273554042 8.27240779865116 8.49774489844616 7.71534421821644 -12.3062126806415 -7.33249504077718 0.12468972175531 -0.243791634068393 7.17330330273604 -4.67392602778011
Erinaceus_europaeus 7.68584280625797 -8.84736845392674 -6.44770242834143 0.638921687763822 -5.96118535444872 -1.75710367594188 -1.96367630476721 3.30798446475748 12.545207079929 3.71213450474472 2.64009431778616 -1.09983010180817
Eschrichtius_robustus 74.1235931277815 -51.3332760726391 13.2470972545883 21.6917184846351 -15.5268082878177 -12.640446921328 -7.935595886152 4.33522360620791 4.26796558690706 4.90434065662548 -0.332049290628379 2.04603022290251
Eubalaena_australis 89.5220028241601 -77.827243814428 26.4200387504188 24.9776255653836 -22.2401786529622 -22.0217239059007 -17.5426389832035 -4.97900266379172 -2.18898856967149 7.20064178742026 -2.99836077230673 0.019329888816065
Euhapsis_ellicottae 54.9062362265991 -6.53411932067516 -46.0083601148941 39.5760973498125 2.81389036823534 -24.7090520063196 -8.81356887415087 8.92474890958939 6.94580532083601 -10.9112655959219 5.71413973986733 -1.1061073013908
Eulemur_macaco -24.6954019949524 -1.1866370768635 -22.1665931285558 -14.5533016907194 -13.284954380548 0.342416595606092 -8.50644771373358 -5.38594600918963 -6.49769018716806 -0.0899759202099528 2.06608148112449 1.15043654360192
Eusmilus_dakotensis 37.3190319553905 -27.4783609113118 19.5466366380898 -11.5271703940013 9.98196752124714 12.4364346516363 -10.8596911194142 6.38398764063194 6.21026589515574 11.6088391364564 10.0556693593049 0.0321336142710369
Fossa_fossana -22.4071837489743 5.70378705232314 14.990453187428 0.0926351034299316 0.60127406201095 -0.985324729685088 -1.74431660402343 4.92766168764923 -4.15531343864067 8.59379644818137 -2.87045645245045 3.21990703571677
Furipterus_horrens 16.8902373022893 19.7609432567323 13.0236389944546 -18.7398214017483 -9.56748849227813 -3.56641397904877 24.3019124699669 0.363386994955424 3.84018897135965 2.97865509281144 10.2327741565122 2.31637654692591
Galidia_elegans -13.18532889303 17.5162322796338 20.3423573527367 -1.62941312992216 -1.53663710647055 12.2016155582903 -8.79663859676363 2.1748083411399 0.466834959885085 2.00597079980917 3.86123127499065 0.236193406679055
Giraffa_camelopardalis -10.1116850808565 -39.2212918467334 -5.99216466738172 -16.2549957886721 -1.08216070258208 -1.5135946389426 -7.30829471478744 -7.21567807708347 -6.87970335275284 5.46307425784024 -3.98666248032172 -7.5991357131849
Glaucomys_sabrinus -16.1464250233109 11.2331930331735 -19.1513818654223 13.7534559328543 10.9030751085305 -1.75824813206587 -3.15803235430814 4.85108658037959 5.28347091062498 -1.63567924210912 1.31920441966295 1.50142944168736
Glossotherium_robustum 23.1167434920228 11.1900004998837 14.9074527070584 3.16749214297268 -3.8561136902952 -0.0238413812690941 -12.5105267291325 6.57986610147997 -2.34117611772706 6.2470744300319 -9.08848132614441 3.81856376833904
Glyptodon_typus 17.3711671169723 -32.7021322628695 -5.21401178394149 16.5466214931384 -5.90744816756475 -17.5896731810829 -8.14672487773124 -0.383961031787924 2.21848795095335 10.634874313721 -3.02695769572991 9.53442129632002
Gorilla_gorilla 9.59323938707586 3.86434005946033 -22.4563519502704 -38.9015178347255 17.4778610250536 26.7253823103606 20.9859044208074 -5.69728276524012 -15.106901181488 -14.2839063718906 4.76821467037162 -10.2396851499996
Graphiurus_murinus -10.8268284693753 24.6417037919591 -10.9143002955297 1.07882951700893 1.42178528842122 -1.44702013921179 4.38181713330882 1.16409656376061 11.4817815029963 4.4790969842206 -1.71835379312045 0.822979935751413
Hapalops_elongatus -30.9994077686273 8.54420200598783 4.83766735740215 3.13718909735143 -0.90248306186936 -0.178699942852247 -4.72064731679746 0.440055425536477 -4.91662312071023 0.203019948003284 -5.54440519487141 1.6269439752797
Harpagolestes_macrocephalus -3.87592837152277 -28.4634510979346 17.598597126524 -1.36552567875249 1.60515110463342 -3.6320230925948 -9.6922458158201 4.80232409041415 -0.0377580520466396 1.04435693997744 -3.88420855934714 -7.60741644432803
Helarctos_malayanus 8.40519653117494 9.21329941374257 -9.31400759527389 -9.2963749260933 0.866207935502199 9.75802488580404 8.26844003409715 -2.45414198666447 15.0412873620082 -0.914852296006059 5.82453711413972 2.04231545071177
Hemigalus_derbyanus -26.3614644723385 2.64859971946949 4.69381650575078 -2.52258536283415 -3.11697938909901 2.41726280455172 -7.29074727103305 2.07507151819255 2.53369538800174 5.49070791632338 1.94458553460794 -1.69045171016614
Herpestes_javanicus -9.80896372668332 22.8063421962403 15.946276728882 -9.67413869029259 -10.5165799053114 10.7118635830188 -0.898514687286015 8.28257239976502 2.44174853680102 7.46757518868856 2.58026844569077 -0.892536072319843
Hesperogaulus_wilsoni 99.5120804526808 16.7297200982486 -34.6022416026359 20.7650043954474 -18.4812943775752 -18.7393238662574 -18.5087377161338 6.49590553761933 10.2964467826986 -21.7092131996705 -0.642550459208572 -7.72222412806721
Choeropsis_liberiensis 21.4210589766999 -31.9074589802873 -10.0331000848397 10.2660547409883 11.8510334782982 5.54651429662326 -14.0993388013109 1.39428556611234 -1.02743308380519 1.74931273143299 -5.87675520070047 1.17648513798207
Hipposideros_armiger -43.5671427603193 24.4591711615915 -10.2286478465675 0.700856746352422 -7.77422374092855 0.206239589383784 -2.57055657351753 -3.9062543505584 -0.615195420367754 -1.59605611752453 11.5992957019661 5.84416148779326
Hippotragus_equinus -4.41123587679604 -18.9201654100742 -1.33624802121372 7.62842097011009 6.61805530651311 -2.67629781782528 -10.4928750264004 4.92666362048 -1.67355446308499 7.56012619820759 -2.9541547573724 -2.3688309375255
Holmesina_occidentalis 3.62531883503069 -38.9935468671988 -12.5184277542911 -2.44272635321534 -0.163344919582973 7.92014631276556 1.88256092706016 -5.54586212086046 -7.12651958152564 2.70877512920304 -2.07593421093486 4.12481835061029
Homocamelus_caninus -7.86305875684563 -40.0921500931007 9.20932601450101 -9.96608827344453 -9.33057867944433 -9.24869180443497 -4.43884671536294 2.38690225251016 -0.82689192855288 5.85426638181326 -0.757113397113802 -4.69712064634127
Homotherium_sp 5.80150935211067 -13.399833081996 -2.05151401648603 -18.6044310149975 -0.605154019824197 18.3895155099992 -3.6867029122805 5.73860625113972 8.02585300482776 0.885171540670908 4.29208408530081 -1.51293296277131
Hoplophoneus_primaevus 5.64807229958265 -6.31443833456092 9.21687856657556 -10.8795686734457 8.41175558272405 4.0486073304517 0.777954422032477 -0.728455556499252 -2.68880728484329 17.8927664304519 11.3478825942329 6.37515181259628
Hyaena_hyaena -12.5642648561761 -12.6935871345052 -5.28377661842529 -10.065702547265 10.4740199450032 0.393183621066867 -3.46840951167371 4.68334361502867 4.18238159866368 2.60219894190845 13.0854118161679 -3.65923513152898
Hyaenodon_paucidens 1.59035609152085 -16.9314958644857 8.01106218681698 -2.70093016231605 6.19624214526726 1.76879961487722 -0.0744960512027085 9.14543383643288 4.38188989613887 -3.64463625708948 7.20221191708792 -2.54161271847609
Hydropotes_inermis -12.9912573377203 -19.8461683829312 -1.78106554056264 8.21713622103243 16.5005545598102 -5.03352540369486 -0.768220175801463 6.4478823580856 -2.71177279063246 1.64467683034023 -3.02306319078058 2.94860843029035
Hylobates_lar 0.351816433171004 18.5852310616776 -54.5899635432162 -28.1433092647545 -2.63508616872931 -2.08804018087837 12.2792322677502 -16.30445631088 -10.1051817434816 -5.8763796658189 1.00771083957402 -6.52391324437414
Hyracodon_nebraskensis -13.5245278143979 -11.2425167805866 14.2700375622626 -9.48223376763058 22.3014384437998 8.47386897481897 6.03193725631136 11.7438427452336 3.89157332765129 7.15794430605448 1.27821202243319 -8.98155921318412
Hystrix_cristata 18.3682955113975 -19.5447728958462 -4.30677557778069 -0.981157155251278 1.55550323001581 0.795124951225532 -9.30412384826508 1.74825709658881 -1.41572449856169 2.03676634106009 5.11737447019576 0.229684589137629
Ictitherium_viverrinum -13.7700155340404 -10.2628814218106 2.47112435854696 -6.35591102582868 -2.7503977197255 3.65863880167773 -8.56443748223271 5.30294857610531 3.39387254457529 0.872606275665415 7.66176744709484 -3.06187073647049
Ictops_dakotensis -6.69145240904625 -1.06081231910875 8.30909990376069 3.07345007141436 -4.22204157015621 3.94472852691365 0.980783035579461 -3.48088514043957 -1.15374946545007 -0.766181545510989 3.81926315242993 2.07557293382933
Indri_indri -24.167473824329 2.22046735224637 -3.05559046860729 1.39319869410598 -8.90563889620365 -2.29717414160718 -0.301817357625594 -3.08449820082711 -2.17621312529156 -3.69813307056282 -0.185684199899872 0.285746368394669
Inia_geoffrensis 64.7152743574862 -44.6550972925022 8.22060268998333 20.1172112441341 -16.9872570453282 1.21800254838329 10.1028660453903 4.76868751034992 4.36075950091866 17.3731615269069 -2.19249068884577 -2.69430103753138
Kannabateomys_amblyonyx -33.4368245141117 16.9751357222616 -15.5573488882049 3.88119277408981 2.77297562865624 -1.91505394107669 -13.9767085300361 -1.12672172105589 0.060270908715939 2.47065243978332 2.69092965133186 -1.06763666731035
Kerivoula_minuta 13.496805126379 35.7019960876043 15.5756976544229 -17.9382204966846 -12.375715112001 -0.49431648348912 26.8545570560432 -1.60550066213723 8.0459134334358 6.90843596251848 10.5621503680691 2.65991467896148
Kerodon_rupestris -20.0658519338815 5.51948329184822 -7.86453619945727 11.1107748472717 4.70932277219017 3.13147681422498 -5.73820381261724 0.196293881681475 -6.11644763033629 3.59289167009704 3.74542972981563 4.40249813587205
Kobus_ellipsiprymnus -2.95029689247463 -23.5731146753562 -9.74401516851316 9.48818536982148 8.2386162684754 -7.32254730738457 -2.73056961985177 4.10152290856348 -7.06934970836555 6.75362112354511 -4.1552538354756 0.00875081470647287
Kogia_breviceps 115.472482044405 -33.1513352356227 7.83147842103983 2.61764189137117 -27.8420138917475 0.471079329768792 -0.776838334583163 -16.3021167186697 -6.03220312304547 5.9753137759516 18.880906269003 2.14977526542803
Lagenorhynchus_albirostris 100.508095358878 -23.7069981466613 20.1917361425866 -2.49654410388794 -28.4145249011954 13.8338391594375 -10.9751375287229 -6.3372686736823 2.08864290504638 22.7146336447907 2.85350739310099 -2.82909917441958
Lasionycteris_noctivagans 7.00042345627624 26.6109622767908 20.9888260682311 -9.40809807429259 -6.81000063695241 -0.881146541787228 18.6889791027357 -0.922165540240069 11.4748350594753 6.88831103915051 6.85875087542908 6.21255669268034
Leontopithecus_rosalia -36.9393802466814 19.8570105267642 -26.2298100058803 -10.1269549895078 3.33579217750171 12.4834004859688 11.6117986775697 -6.86340331086462 4.07647468716804 -9.24564667714223 5.69253134997591 -6.98445794624821
Lepilemur_microdon -14.0824113625705 10.4345048437993 -10.5551292487574 -4.82974887553828 -1.03450402838202 5.69859774228049 2.4909277801157 -6.31148800499556 2.84096818236377 1.15905617821568 -1.06585322514504 1.32291706610495
Leptictis_sp -3.68605696550903 -1.29925422420263 4.53752117611723 -4.11645307473276 -5.62100377395047 7.29452373303262 2.81296514294587 -2.5400365197232 -4.11195348229943 -4.18291588703002 1.08873070321597 -0.0375802771393698
Lepus_californicus -8.85315740283105 -1.54122831100147 -18.7117422359849 3.89948766589415 26.8140284671014 -0.572112408900335 -27.4503833549663 0.0525371036703753 -7.9481130713928 -2.60040428849986 -1.62671942428549 8.28995598012657
Lontra_felina 10.9507924372794 42.6231925078737 -14.489095400878 -23.8118753605604 -31.6900186006109 10.6889832858606 2.47610862017071 11.6384998999333 7.08951346140497 1.92416056912335 2.50574897747138 -2.91704028190253
Loris_tardigradus -8.46113391871947 16.7800086305086 -42.8220053526936 -21.5620790327957 -11.1402214513853 8.26680410487946 1.67949716290652 -9.20610154970457 -7.79907395210209 -4.40099260313445 -1.23555364753386 -0.0535954652185844
Macrauchenia_sp -4.65485313562522 -32.0223800255539 13.6236083763214 -8.65355208229174 -3.09939732553997 -10.6213213968741 -0.143888793286013 2.95112647241808 -0.537941399337582 10.6481725357692 0.775982996060725 -5.24590512101251
Macroeuphractus_sp 10.6948663234447 -17.0149354314553 -17.6071817225887 9.59648961832532 20.8375651641719 3.69784859712118 16.9352450310615 -6.59393691805234 2.88833952243268 -2.02396953469026 -4.2110880609421 4.10328613270651
Macroscelides_proboscideus -20.603464951813 19.2909375840275 29.6380612987701 12.5179326197339 29.7938400045395 -4.74998442650407 -2.91324723772837 -0.0561231792410337 6.13077384826789 -1.29692033355593 -4.16577601370312 2.97518002785256
Manis_javanica 38.560498824588 3.3808208826776 16.7380389840256 -11.06757649414 -13.3910204377769 2.68166719897987 -0.41038997699287 12.5679292792794 8.49200215955287 17.7558993648261 -6.05463187253105 0.771760868177766
Massoutiera_mzabi -18.333692859414 27.8099601707987 2.01365189784494 18.4775953642693 33.4782104461155 1.37053768464405 -18.6613410336876 -3.85942194998592 13.8125165624973 3.92392519570521 9.49374826037485 13.2514916568856
Megaladapis_edwardsi 3.9419900763721 -2.25793990666381 30.4146709512672 -9.5401381317963 -5.24361207832059 -5.6239401263242 22.0696037182258 -4.67434993565106 6.05361274054969 -2.82896273781202 1.35153909047535 -2.79015126768601
Megaptera_novaeangliae 91.1309744592152 -71.1801901241343 5.60533892728097 35.187974258931 -25.1208062269142 -34.2299499897128 -6.59362185069012 -2.40626774663222 10.1135319676811 6.98492314974319 7.0747279858559 6.54546770796595
Megatherium_americanum 5.17380578457739 -10.5859497943852 12.2850832191516 8.69430908045002 6.68212693305478 -10.0591292011023 -0.186269572387913 -1.10171047457471 5.48150287366609 4.57476653710849 -10.1500765827858 10.3361259220761
Mephitis_mephitis -9.34548814163724 15.7447383151391 6.74705427642329 -1.95294907365325 -10.0454834883404 6.63665188740955 6.41766008816869 1.01467335876146 -3.6672115547848 -0.862635164088316 5.35370935958428 0.43209368189406
Merycochoerus_proprius 36.3232179359446 -38.1528060318853 -9.60286378477494 1.15925496660082 30.9547519437929 3.05929280483781 -7.2472617123655 3.30299609845208 -1.5728277472079 -3.69682686541032 -3.82092603171083 -4.71054475541383
Mesocyon_coryphaeus -12.5571467055149 3.4341419015508 12.8433504056339 -5.06843598755874 5.36516392789888 5.58730098301457 5.58848133203271 6.94944514331766 4.3077446620811 1.97423928220204 2.81379353086369 -3.44177849742513
Mesohippus_meteulophus -24.635969452992 -29.6527162455927 6.13447011808276 2.78345630218602 11.5777736375759 0.860424185347428 -1.4832336110454 3.13970303775179 -5.02197631668201 4.36876472713969 -1.02934359265551 -0.893396716543391
Mesoplodon_europaeus 83.8060262109831 -42.3122338280093 20.0927217779667 15.9295849228545 -26.0331895897069 4.54881977800318 -7.95504981652682 -8.17757489625686 0.494430292199921 8.36240866512963 9.83944747345807 -1.5066690717168
Metarhinus_fluviatilis -2.34124386835053 -18.6991141017264 8.04753074032663 5.43825587763164 5.09877118686592 4.63641872785465 0.675400514503149 -3.85737351983892 0.772253939733505 4.28838156982922 -5.63701598742127 -6.04206073728999
Micropteropus_pusillus -19.0831159530131 5.35923021263401 6.00556498246872 -0.611937630912604 -20.6722150466081 -1.65058520497012 0.913576361461542 -1.44676303183871 -3.35908728372519 -1.21785890082731 2.48806720845702 -2.20273485972223
Miniochoerus_gracilis -12.3210974184774 -20.9520042642288 0.967303686318701 2.87705882506543 23.2411078467324 -1.69036607969879 -1.83928195054399 3.82544926822088 -4.96183977284524 8.89703439398797 -3.68549594894573 -12.5281157694602
Miniopterus_australis 36.5114866852026 29.5076290790661 22.4229206179482 -15.9338903431529 -20.7574571751258 13.202774909042 20.0215527523334 14.0098676813086 -6.97796194055305 2.91093167254635 5.4748076065957 2.33811294492114
Miolabis_fricki -19.3517482003285 -35.9776771231494 6.48998706536729 -3.38925177450504 5.28837456225464 -7.53542177586863 1.7917089878573 -3.85871596799043 -1.786980827809 8.76760497862871 -3.85947906994844 -6.7316640232218
Moeritherium_andrewsi 17.9390263099196 -0.250728542847196 -13.2737125967171 9.28836747774348 10.0469419391567 -15.4824215560224 2.42470815384026 8.55717174854067 -0.863189517091571 -1.38097635028469 -0.0730027115885976 -5.69616681110143
Molossus_rufus -2.94992404860232 35.9912030616101 -12.9331840611888 -13.4909688052731 -12.5643581029411 14.0716324852381 14.4870532450979 -2.36898189797098 6.19001084401527 -1.25429619335699 9.32056502777814 -0.460160611223424
Monachus_monachus 10.2826773317571 11.7912305075122 26.4947967110005 16.3478718371721 -9.66949472929532 13.6143503820719 0.0662942761707546 -2.06093197488597 -4.12583740317654 1.14967743100325 -2.70859968438296 2.30722875156026
Mops_thersites -0.397456165778138 24.5206037721582 26.475521322557 -12.0871704977895 -12.1175204563409 0.530373735925894 21.6352769159121 -0.671494049679416 -9.22965808304456 -1.26099516644673 9.19403242493292 -4.26326538547734
Moropus_elatus -12.1895711206783 -24.2987259554564 5.67471692023605 -3.05050652948554 -1.23378636584836 -6.22044048058748 -0.201357923654929 -0.655714573947484 -4.14952271281444 5.72725425755659 1.21096756756784 -8.39823149584152
Moschus_moschiferus -13.7116765353613 -32.4534437179566 -3.02102347777947 6.22937413094849 10.7562542354444 -10.3218867238416 3.04257229313555 -6.21756950181635 -2.57707595365964 7.81003097250472 -0.727583432865072 -5.44598127241479
Muntiacus_muntjak -16.0875810921825 -25.2979108488735 -10.8442579903713 6.76918217879467 9.76380839926588 -7.81637902912813 -3.8020599867277 -5.85752574697806 -3.22145221343116 2.14930036162832 0.781188404189735 -3.23119875120569
Myocastor_coypus -5.44812271354055 1.72630932741985 -11.5997147598755 10.6398011043568 8.45339231288341 -4.90032202436287 1.76767455754589 -5.26223991150759 -5.19478089738744 0.0358972453601809 12.9130853035932 -7.47759857026717
Myodes_gapperi -8.33652462916967 29.4029714070446 -10.7480370040906 -0.404188599385496 -4.97255643472065 -0.481638297327193 -13.1811581505474 0.304580568286522 5.37107781931107 2.27573410643785 6.29200371576941 -6.89195480652742
Myospalax_psilurus 50.9246472008978 -6.81494349107246 -33.3603544244039 9.83111774379919 19.0782957929634 -27.9741587902441 -0.343065850943022 13.5869016464354 -7.71817467071836 -8.69019245643324 -1.39481960210778 -8.47711516396687
Myotis_vivesi 23.0730809380693 22.8578566662252 21.414722890454 -9.98632912265557 -25.6521906638422 9.10736535420335 12.7913836020406 4.32163969762973 -0.825242177393018 5.2883479196818 9.6134538736411 2.2607143511887
Mystacina_tuberculata 8.38323808706357 33.2000407984108 12.4000879155883 -20.0423041595625 -18.8328200618762 3.93955114962054 19.6042514382128 7.18479087360333 3.17507678820522 -3.17710775600742 5.13214073857319 -1.8937637951909
Myzopoda_aurita 27.2561374083673 26.9168603289404 17.5089231883803 -18.1421290634124 -11.9350976541163 3.66390825301152 21.0218803856248 -3.55454550247397 12.0496624842799 8.259881981494 13.9011551547914 3.34220276264166
Nandinia_binotata -5.13753389060055 10.3752599601735 5.7177089135386 -5.94092321428977 -11.2663943275031 5.30357390825098 -4.10826832206753 7.73145089049991 0.330648453218345 7.46787993808246 0.975952541703717 0.838838758595315
Natalus_major 8.28686359661202 25.7638121141056 27.9137164038764 -8.72524544013771 2.36129251103923 2.31354875829597 19.4236478053194 7.62382881850656 -18.6848309298867 -0.589894136048169 -2.71371949614462 -2.8454221762685
Neofelis_nebulosa -13.5579742890246 2.31683584851507 -5.23085671461529 -12.3855567936233 -4.16209305931965 7.31557385330153 0.700574967606807 4.69307497816027 7.30582268662578 3.36085762652474 4.50936758448141 1.91710697569628
Neohipparion_affine -23.5771950086579 -37.3003370794418 5.51126329429109 -1.77108044205838 7.03961440894753 -4.12916737668202 5.32032791139006 -2.46748669905923 1.08711302994184 5.77811353298524 -1.27150327841861 -3.50655788135942
Neoparadoxia_cecilialina 47.0524185159563 -7.37641687986153 -20.4876558191043 22.3733378814879 13.8437932204725 -0.671567747374939 -3.50672865862899 -3.76338799565693 4.25661424410972 -4.23269745402048 6.81519073253944 4.079536888635
Neoreomys_australis -22.0490768826258 9.42333191754816 -6.28666583887541 13.2629305482656 17.6720751705858 7.55370348925877 -2.25958163888079 -8.12191825739872 2.8289023177927 3.63694811574676 9.73058433123394 1.18507315729063
Neoromicia_nana 16.5883932672214 32.8999496484684 14.5028722625893 -13.4656351967745 -6.07711257269533 3.97434249820689 19.1541349348532 4.05175748900572 4.74108103299625 6.58248611752972 5.79713675608656 7.81263243688188
Neotherium_mirum 29.4740055847809 -0.948589885308639 4.84439918252696 -7.5413068050774 -12.1642915292344 10.078262819509 -2.84952774298673 2.29163234145951 8.48756470759663 11.717419406519 6.3335698109163 3.86002420316796
Neotoma_albigula -6.63883207247935 10.7774688188918 -13.422304389435 -3.70007658134516 0.264411400272866 -1.12538725674291 -11.8795542541002 4.34522233085504 -4.56231014847025 -1.18687160876764 -0.929201441086882 0.888117191805159
Nesomys_rufus -15.2418532617135 10.5288626290682 -21.0131319814478 -4.84228579143693 1.6003028018881 -3.54087557907402 -13.1556840576532 -3.00029439271438 3.12063685207304 2.2846732662736 2.08028715816948 -1.64809802547459
Noctilio_albiventris 19.4571502600117 28.5063009557409 29.4745136103915 -10.1417733401018 5.32109548213057 2.51240566961052 22.9460273817975 2.39690762279751 -3.83156180824185 -2.55253529976553 11.4937433604551 4.00224632896676
Nothrotheriops_sp -36.6151442973148 -3.47916961884283 2.18961426233241 -1.22882316891805 -9.25446847412125 -4.66780478733501 1.55618953206663 -5.73516011364399 0.0612458894217133 0.85171787083589 -2.17396802479827 2.83309557713808
Notostylops_pendens -6.8672242350313 -12.251811486284 -0.602168946385561 5.51167638000627 -3.55541946354266 -0.918893722811627 7.32006970662042 -8.85284520881834 -3.5057159926034 1.78477709637403 -4.84473623598666 -3.49371387887125
Nycteris_tragata -35.2088743981162 35.0584161840934 -6.6795995618857 -3.63746853020383 -10.3240310018039 -0.235925059436802 5.03333862952126 -7.49820895179965 0.869857611245513 -0.888786994011243 7.53413148626606 1.57312335561565
Ochotona_pallasi -27.4290056853298 33.6404086354967 -20.4054564231184 11.1131416868465 10.4144549721485 2.03829032130493 0.585445885342748 -0.109996483919087 13.2513598232249 -5.64470493555204 7.3877292325995 -4.32980184326548
Odobenocetops_peruvianus 111.399220568013 41.1541549500249 6.42010623181494 14.2774452333495 -12.1716119985394 -11.3217184937365 -4.80468736949019 -8.17022920104063 -0.608596231291744 21.7517764836203 8.98996112124174 -4.80342103998302
Odobenus_rosmarus 61.364988617003 22.6779945013769 -21.4710361644314 -7.7105400734578 -5.52203727671958 12.8512544381552 1.54642893409956 11.3937447605971 14.2286078534073 12.6574077310215 1.05868125659751 2.4225495512187
Onychomys_leucogaster 11.3881314059301 11.8754584865977 -9.00180229086478 -6.75832316437287 -10.5185238200343 -5.66560844776989 3.74569267593276 0.569220999792914 -12.3346523593846 8.2165812707736 0.61395624944443 4.76967387932569
Oodectes_sp -22.2694964838385 3.53942834778023 13.7980974707068 -3.83024261499085 -5.00588009916225 5.36766992579392 6.61302075834483 1.33142946839203 4.47176839506478 6.34174639792289 1.37051592609369 -5.1087844126316
Orycteropus_afer 3.22488897137359 -29.5037995134924 11.8637859483681 9.95738157397994 -4.39662308208508 -12.0826432857136 -4.64469467916402 0.818626862237091 -4.21692495191231 0.429196455687101 -9.23829020418473 5.58231438525075
Oryctolagus_cuniculus -14.569077906949 -4.80853026206494 -21.8459443886307 14.5651278696313 24.889233067573 -2.26319272900634 -20.0406290645889 1.0385993975799 -4.13688288046849 -4.55376804871111 3.71795550865397 6.11262520736115
Osbornodon_fricki -4.93508325119552 -20.0269105683808 10.6917224173733 -1.57219920042605 1.99962734117869 -1.00667031309249 0.633405357801376 8.44818946974883 0.960487875577777 -1.22107844640724 9.51380349975624 -2.92018588179041
Otolemur_crassicaudatus -16.4636218495463 3.65896135255891 -12.6060130360818 0.278292378346103 -2.4850587045174 6.46024195333503 4.1613989661597 -3.07901170826824 -1.78005858533147 -4.81824035328089 0.0129964994772448 1.64908515488602
Otomys_angoniensis -11.9908816733411 12.4954191260767 -7.26636825837391 3.23108904351411 0.148940799564505 -7.66553272427237 -16.6675150250752 4.83491188547884 -2.64129806893746 -6.77473350029428 1.53852504077446 -0.928686639150083
Paedotherium_chapadmalensis -4.66757714525369 -13.9228566774355 -24.4046643528866 9.21429058491111 21.6241107982549 30.3175992217879 -24.2108106930563 -12.1463503585506 -0.178071523497049 7.90527565587697 -4.81619793592995 6.22043184938916
Pakicetus_attocki -1.44059947096439 -36.2737508325571 15.2683884353781 -2.29071466133135 -0.134511693880277 3.52900564437728 -0.661977294642645 3.7620239027168 0.144521970025531 4.01665777452173 9.33979986952668 -2.40864261464201
Palaeocastor_fossor 29.0501896090104 2.07278382334972 -14.5059794715033 23.2551222430827 3.01014232823457 -4.67015791957935 -1.84580259606792 -0.542839574615108 4.31451605023603 -11.945793106355 3.69732451541161 -2.26779008267799
Palaeoprionodon_lamandini -20.2304264074086 15.4558106905702 15.8455576204049 -6.43777753011184 -7.78699693433055 4.63646961321482 -6.67640992730046 5.44251821373005 3.23066479073805 7.15264395088852 2.37230677126148 -0.793990467402825
Palaeopropithecus_maximus -2.79672859311444 0.805817028071066 6.78277639272182 7.16311744349577 -0.309895427370516 -8.84827533712941 1.69857067663241 -4.62070445153728 6.69867066118805 0.875941131898401 5.43434023462476 -5.18924781957901
Pan_troglodytes -6.6789551246393 15.3863829423615 -42.6334815194389 -17.2940041123133 11.6889538763296 14.2155814010646 26.0075670415752 -12.5409105127983 -12.4922967101459 -11.8808481066448 1.40158891468075 -1.06591472025048
Papio_hamadryas -20.2838513869167 -8.14133924445495 -32.7653870088587 -5.22649782202845 1.27977350252447 12.8543609782516 10.914718425051 -14.8152925268132 -9.0850056633661 -11.4785457499362 7.81623414108579 0.203723453851588
Castoroides_kansensis -0.196449479914819 -14.3191490566183 -21.3466840248433 23.2861918428277 4.10353606704968 5.57464819670959 -3.71190433945091 -16.209138353695 0.145637526229209 -11.5671793605385 4.70982431113204 -3.88107006180411
Paraceratherium_sp -19.2022063522301 -0.57516661025677 -11.7227708567808 -17.2857328507075 16.3835404165704 11.7233508956884 -22.4215341895003 3.63292153313825 10.7863868790266 15.6433277881313 -7.04297809591121 -6.47118758998015
Paradoxurus_hermaphroditus -15.1276547867501 -2.22997074248509 1.82940932276169 -0.409945286297634 -4.00328348838973 -0.959535278922913 -6.65971730639094 3.27902692571726 0.880125822868807 8.95704880866831 1.67844666547715 -2.68146942840823
Parahippus_tyleri -27.0442979451722 -28.3166375594818 -0.518675216101073 3.60760382917044 17.6639771916991 -0.939126402710813 -5.7705967001969 0.838089705268207 -2.33786272844323 4.56754368012181 -3.66839524946368 -3.84839655806745
Pedetes_capensis -14.4760195391267 -22.9494008248042 -9.92052015946294 17.8950104689074 25.7335174094474 -2.80134378028907 -17.195285166248 -5.93392923536205 -2.31788358365989 -2.94793270403117 2.05235073546663 5.13977212296338
Petromus_typicus -0.313766088401434 14.5104330464613 -31.7107798539636 9.65307785342373 -0.914573896383749 -0.217672526657864 -9.87239414111671 -13.1603261721234 -0.493548066535281 2.00095444030922 10.191297903489 -4.58783241467356
Petromyscus_shortridgei -3.98520981798085 23.3791720052288 -23.533387361389 -9.76476811127274 -9.80334889874911 -3.12785771886963 -13.8077176750907 -1.8842935149181 0.047072357345296 2.46338720249207 2.95937199699807 0.747951153173527
Phenacocoelus_stouti -19.503905167922 -16.6489100792298 3.25054877238809 0.540687487606689 18.0925199556049 0.681199978304823 9.47487239223037 -1.5876702142807 4.89541942533322 11.8550377391541 -6.2953622424706 -2.22992778517273
Phocoena_phocoena 107.850144674272 -16.4544294164813 26.0878836517793 2.90956735035559 -17.9255534492146 -7.32165994907255 -8.84924840157908 -13.5851981768196 11.0435019045595 20.0964706591289 1.80355862742797 0.0946483753102074
Physeter_macrocephalus 97.0543017367655 -33.6960762636105 7.36283397668116 -21.4091073500783 -15.3707615116425 -13.9383764129466 -2.91789591830787 -7.88716679144329 1.22623535626525 0.980814467719477 12.4243931469351 5.15728915316985
Pipistrellus_hesperidus 36.5863518466493 42.1395472020237 26.9952620125763 3.291388623183 -11.3610942723548 10.3690520810827 18.7661299195239 11.7443947856179 4.67527698046339 9.83479431414633 -0.101682735028078 3.53928120624791
Platanista_gangetica 45.1581840445083 -38.2842185147914 16.5794702473655 9.50320988875501 -20.3953314607617 -11.2066677746367 14.8024126915067 5.17219842309029 7.33840870269362 8.13690051250007 -1.85587044117493 2.80407985718252
Platygonus_compressus 19.6173019007258 -53.5116581889439 -2.64220624960762 -4.05935963474442 17.5711012064272 0.150124386926514 10.4157985093603 2.46339944072404 -6.62560461189348 5.37962078151202 -6.38116111380424 -5.74508379333062
Plesictis_lemanensis -7.38665192575602 23.9359342453749 16.8096254717055 -4.20642594225884 -16.1256024732373 13.9166895185983 -1.53086686746388 8.58918786754906 5.8796918108898 6.41504336728021 1.7912695934873 1.93641675984193
Pleurolestodon_aequidens 6.31142944747898 -0.560729798744784 19.657740916542 8.81372409541153 -14.8068217845115 -12.5352869992346 4.43132779670138 5.25324025287341 -4.73422240368224 -3.47164777029362 -5.54963452561742 5.78348924266172
Poebrotherium_sp -21.3231752421298 -20.1512397089503 7.46429489629183 -1.16021236372381 4.25981604418903 -7.58520209228576 -4.6326950167171 0.326217318874964 -3.20118322459748 6.78674854414643 1.35717854249823 -6.20159684804283
Pongo_pygmaeus 12.7801488760998 16.8222512171459 -31.9578597247305 -33.8060849994126 8.02255040046001 13.8396216292599 12.7779403545652 -9.38180146109568 -11.8504674136796 -13.9465814936745 -4.14018693778608 -4.54467059645498
Pontoporia_blainvillei 34.5711038701596 -44.3630604464105 15.3378017668837 3.51227670884625 -16.2826410331097 -4.26817881083643 -3.91492495649673 -2.0106727807307 -4.24840425283754 12.6590061216628 -0.800409880400151 -2.14156916177416
Potamogale_velox 19.1136954785165 -5.52917577124758 14.2066780660592 -8.19871124143586 -23.5268860961409 0.644168307277349 6.45061909634201 4.78501648811054 15.9697824954639 7.26707401591706 -5.00462730766758 5.52073071384531
Potamotherium_valetoni -0.16167409807252 12.968509459978 14.7170893205973 -4.08968073719927 -8.18299518580312 9.92843535237429 4.76892122274193 5.06730546391588 2.40229493127839 4.34065560120708 6.07074874726144 -0.382451687412483
Potos_flavus -23.9854881860062 17.9908351631419 3.24568836480487 -10.0888756309666 -9.09637138674016 8.2244180466368 -8.2594694118886 3.36616410721604 -7.85127702657927 -5.78198979964095 3.76944769513991 -0.423973542623928
Prionodon_pardicolor -32.067796160801 25.5065862497661 8.1337263015809 -10.9115731952855 -9.65068700456247 8.24932059957824 -9.34266677224943 11.7432768651861 0.236088032574099 8.25637411612034 0.502443777129619 0.336523215536977
Procavia_capensis -4.97136552709418 -2.20041668703872 -2.7634434181735 7.06754541076265 27.2341120026308 0.682217237802696 0.742696903240689 -0.0556500287742449 -1.81674477513455 8.91271380139192 -2.77837790754276 2.33315959177134
Prodeinotherium_hobleyi 62.9285209514301 -18.0522683299326 -7.48587968389992 24.7799456645285 -10.5452218282236 4.90409030276476 0.675409767813137 -19.2960919407305 -11.1485900109081 -7.10530444024432 -10.0970768600816 -10.4733687655183
Proechimys_cuvieri -24.2529875104236 19.9849716119784 -27.9895046041102 -8.8212312365601 9.27914509685356 -2.18619957198415 -10.8172105074367 -5.56051935810148 -2.78923458391449 -0.830010785012535 4.44004828788611 1.02662914312876
Proneotherium_repenningi 23.6435393363129 3.79970115096132 15.1988036558936 -3.19299872787903 -15.5484580313248 12.7719792279974 -6.52819984392615 8.20505783424452 10.661071371488 8.13031693505845 -1.45900245347131 -0.881720523059183
Propalaehoplophorus_australis 1.09794039681965 -9.07447701023983 4.20822736264165 11.1830188225852 2.05183992205525 -0.707236534902126 0.729833947615577 -4.97602820811193 -0.637075299349223 -0.0899816936456195 -2.21629884736481 1.86216881735239
Proteles_cristata -19.4063848956815 -3.57737414680445 11.1039968076969 -7.69861391799725 -9.67981370337247 -1.94767236978163 2.20600059397351 1.95442874500451 -1.35951955597178 0.99996580979427 2.22277228478897 -0.216616141504278
Protosiren_sp 22.7251707763345 -9.57395254243307 6.79783299911892 4.01556210601344 12.2461028719091 -2.92589743007188 5.232225073142 -5.41680774597196 0.307817779301836 10.5702059327652 2.44042609400786 -7.42977741993056
Protypotherium_attenuatum -10.0834675467408 -5.79061967117276 -24.9021341468124 11.5723944333703 19.1698961618411 -24.2728699721042 13.3058854449713 10.7473809746516 -11.9880331100286 3.62952270595893 -3.80225491116831 -9.82430516093674
Pseudorca_crassidens 85.0897995920429 -24.9595211046942 7.93343726600989 12.6872370653497 -26.5179347467987 9.36033703981409 3.16364681494479 -4.55348292895519 6.74840508851562 16.3719502717829 6.29650434809234 -1.97939774383362
Pterodon_dasyuroides -29.4077986515126 -6.39254874757415 19.5228158227223 -7.64907740389374 1.36109946595228 6.7052013377801 -1.55595502683561 12.1238707639945 2.52498396596907 0.832196661387379 7.88591531103573 1.41239582281953
Pteronarctos_goedertae 18.4087824795112 10.312362498957 -0.877626019259108 -9.55813424033157 -13.6310188326058 16.2610742290763 1.25233560619013 4.62670343841847 10.4842056415199 7.78281961287701 1.24998950409473 -1.28516762787622
Pteropus_niger -41.9548252319269 -1.14139041796636 -18.3389951304187 6.09393846681887 -12.0517734723886 0.0835761005245003 -24.0962880362981 3.61462540318947 -2.96340252546758 -1.64701786477315 -1.16915349264757 -1.45524364293727
Ptilocercus_lowii -18.2575434484898 7.92153736617371 -1.30290740283131 -0.356416553217402 -11.1479006840203 1.61323925720106 2.63359085267358 -0.561157725128429 -0.504903153010792 2.2601876131907 1.30687131932373 2.31100834378734
Puelia_coarctatus -13.7943414998705 -12.8300022945953 -10.5693685126447 7.34210309578573 16.3601349420953 -6.62056414972093 15.9575202114868 -5.49646808983588 -10.6406098967204 4.80365646377182 0.787223749001804 -4.65152032853574
Puma_concolor -21.8507780662897 2.71191607867133 -13.9321324919872 -7.30683899595276 3.5886291944777 6.54984558137289 -0.540739021794738 0.197102986530273 4.2315724953493 6.10891894187424 3.93782146477087 -0.0601666177448593
Ratufa_affinis -10.6771564654106 8.89158545743677 -18.5814576190396 15.1489319553788 8.56222455345471 0.822354789480455 -10.0382017504391 0.24694501853903 3.10036548937882 -1.23331133961103 3.29608013353767 2.58239098587928
Reithrodontomys_megalotis -7.62636325138174 30.0660005840762 -14.5665226068217 -7.08615521152724 -12.5160413292547 -16.9249455798507 2.87985407240849 6.01875962020871 -8.21821559570036 -4.40275272097521 -0.108478829278046 -6.55036731623925
Rhinolophus_acuminatus -42.383761487242 27.8151595576303 -5.54291269070219 -1.61501705079913 -8.20443461086564 -3.40928000800468 -1.86267686654782 -7.23546953953212 -8.01958225852718 -3.16308228495702 6.6303600797052 -0.129093847973092
Rhinonicteris_aurantia -17.3650081976832 37.9338142497598 3.71696999142156 -12.5346319778375 -5.28784153077757 -1.02779234818675 19.1820239214225 3.16815822198203 -11.8090642952095 2.62511220264055 3.86761336458192 3.36105204272521
Rhinopoma_hardwickii 4.02742533221656 24.7193395803888 -3.69913673949243 -13.4955224114087 -14.8319366071207 6.86869527939026 2.08569125873805 6.64158698421294 7.31110311757794 3.95843274100925 5.70729949607252 5.52228535554153
Rhizomys_sinensis 24.0977641526715 -12.9944589710026 -19.8447623163034 26.9580735277455 21.0870309795598 -5.18843330897244 -20.0007667764899 0.30016545380515 -2.32534191406001 -1.08477325688044 4.75295972352777 -2.44012422713433
Rhynchocyon_petersi 5.36072138443838 -26.0476335696823 -3.04898139135006 -7.10453804011323 -1.33678709001668 1.88630976327549 -3.34805511897643 -0.757382622758532 -6.46660004306197 7.35054968553041 -0.896649673062687 1.00247971487901
Saccolaimus_saccolaimus 14.3203731037223 10.7835825224461 23.8283814001479 -5.56620729609322 -17.6315730413887 0.192757351558969 21.7301601102324 -6.39034022527361 11.8921607881057 -3.02735525412116 9.04963377330866 4.10609712095196
Saiga_tatarica 6.20035426819655 -40.1396661250406 -2.75062242851159 1.04338351466607 -4.8479649369425 -7.44121296832046 -5.29315374296 2.64007116310076 -3.13000057424431 2.1956005128684 -4.93721737943517 2.15934091182012
Saimiri_sciureus -28.4372776291076 30.5134640936969 -51.1187384208439 -47.7125658946502 -9.28716474478394 9.57589660543735 5.03707047421095 -14.6743409569957 -13.6476105009841 -18.2629895759396 16.5347392306885 -5.26965598350743
Scalopus_aquaticus 11.5752930895964 36.8434331768838 -26.2276233913635 -25.1067108372017 -21.2627464986823 -18.9877438441697 -6.61778396922258 12.261446775759 4.38411703018243 13.8384763522169 -15.3544948043626 -2.86033637675857
Scelidotherium_sp -19.1663901294744 -14.2497116257667 -1.12591944496069 7.55388208995422 -2.41379603120519 -7.07114460594997 -3.16526659370304 -0.443504378190259 0.353725647870438 -1.76125412910701 -3.23114060455093 -0.423953636431757
Schizodelphis_morckhoviensis 33.4859562295315 -64.3876193033599 12.5408694402988 3.68033764387278 -23.0786082771919 -11.0919215719198 -1.62854764301272 -7.43459438004877 0.535753907052898 14.3342144372966 -1.5478939151295 -0.419524903564854
Sigmodon_leucotis -1.42386955221125 8.69023444559831 -13.5516656597851 -2.37003501195682 1.90483532295219 -7.0046509576085 -5.89583011844257 -1.82596480845184 -7.69445106447844 -2.64683811275268 2.81210352473826 0.844418157220153
Sinorhinus_cornutus 19.5505021908907 -12.1557864640884 14.7343513612922 -13.6861273278488 16.954371705309 9.52355617229194 4.05472357074484 9.81008953438772 -1.19064532400518 5.30051076015342 1.69811416971987 -6.71420802368529
Smilodon_sp 9.36564769533392 -7.13085999841345 -0.76770333130916 -36.4381620920054 3.50106605104219 17.8320299966933 6.30065279363994 6.48394451420389 13.7475255878702 5.88209319050112 0.0299478577283446 2.64794048472075
Solenodon_paradoxus -9.32883455394114 -11.1125260178504 8.60832718387279 -27.30043019037 -10.1760254464929 3.35867288130006 4.73637762951084 -0.33279533779494 1.93514803002321 6.47876885956279 3.31715285157605 -0.744457723065746
Sorex_monticolus 10.7671576222495 63.0578100434338 30.6593827551891 -11.5436194830984 -43.2383590397192 5.24006249596747 -8.56779968994911 17.5489698720864 -2.48536864890962 -6.23571469974228 3.04603875812698 6.8861171661941
Spalax_leucodon 72.0500422814335 -17.9667127380528 -34.4673281763132 20.9156679077613 8.51860368316892 -38.0816617537779 -9.16383684362214 30.7147848454231 -2.42958731639679 -0.776729156312851 -2.98336817017425 -8.18819490248384
Coendou_spinosus -9.48249025114632 5.39910493970677 -17.7398625626042 -4.21745551664101 -18.4064080141861 1.3180356969025 -9.15235466451276 -2.57162028628079 -2.95323218101362 -2.95083341352301 5.88595157458771 0.505836499746932
Stegotherium_tesselatum 13.1006195045612 -31.7938167911212 5.30960904841959 1.29237822287933 0.341167498717793 -2.39348363916361 -0.140061837228624 4.23665821812532 -4.93847778715989 6.68953629092134 -3.18118753297571 6.46918927878905
Steno_bredanensis 67.9185415000928 -38.553293981614 17.5386838657366 6.37446453092186 -24.1860079522965 11.9632727607987 -9.00889544740965 -0.535596543936594 4.10266256236958 22.4541361199286 2.45210129693648 -2.18835486607418
Stenopsochoerus_sternbergi -17.1554804968498 -23.9937932084513 1.60375541430066 2.66529058058633 16.5853231570521 0.49684297705306 -2.26398966547918 4.56190289914793 -3.97527669282259 4.03899208074929 -4.59733996904851 -3.5782085058987
Stromeriella_franconica -26.2445284305991 15.0100059797319 0.116501508865787 -5.06741775010829 -1.68715473018864 4.62252615720235 5.33111306316773 2.17996557382421 5.29978315909499 4.30792203396295 2.81827606887638 1.44853462505724
Sus_scrofa 26.3576080353218 -51.4699835232639 -3.73652345666369 -3.30916446733521 49.8388848349439 -8.07995115605212 11.9065690327246 -5.47545675598626 -16.9283119217287 12.5277538683521 -7.32830100920438 -10.958036271728
Syndyoceras_cooki 0.161304356532592 -50.9925500708923 0.182426547355615 -4.05304342536363 20.4661243128733 -4.45016900196574 7.81825815046427 -4.88506442648768 2.28213665136545 10.3407179897643 -6.97318519391319 -0.870855739846968
Tachyoryctes_splendens 8.8923011071067 -2.56195090834637 -10.4996334359886 27.3343618577391 17.3748390481124 -1.78779443605221 -4.39996101760332 6.38221848304263 6.42381687081639 -3.04658230139468 3.55180927424184 1.83565600493852
Tadarida_brasiliensis 12.5969184242531 24.7472041748842 27.6491259908131 3.81931196576866 -3.53166940812086 3.76482104184774 14.5703822748371 8.16612112296577 -14.7125139543823 2.9860355639606 -1.40363909817774 1.43098874695564
Talpa_occidentalis 19.6415223089526 41.6826791039922 -6.33204876399079 -17.2388824465182 -18.7681217685172 -8.62292225880324 -10.612952301772 15.5215881466774 -3.7297693493723 12.6374552933077 -18.1258800944591 -2.83632037739211
Tamandua_tetradactyla -14.4561868868247 -15.8583392821496 6.20538831918113 -3.84331792307485 -10.2198758624782 -2.3201735989897 -10.2067664187764 0.720500535113815 0.228357829694755 5.03639209210774 -2.85467757640206 0.636087378605857
Tamias_striatus -12.6670547501256 12.2503351698518 -13.4660811801357 6.3401378679173 4.00844892957972 -2.50599399048791 -7.7440940765375 1.85481825865879 1.07808361399782 -3.25345835826192 1.19701802837221 0.946015875404718
Tamiasciurus_douglasii -10.8876525527534 10.8014489357034 -21.3214397703638 10.1105167721581 8.59430463273988 3.93729561735633 -9.08999353789823 2.55278155603309 1.26053874007761 -2.6885857477822 2.57186646626752 -2.03523690306143
Tapirus_terrestris 27.4225268255754 -13.5929929032848 25.5980268471757 -0.807544448615975 28.7535825766918 4.01661657753466 2.35498190162344 18.4409168695428 -0.0747913600786351 7.72918353201481 -7.79730441132588 2.03229769535305
Tarsius_tarsier -22.2440982755045 3.5597031349303 -29.792385394487 -12.7723481496982 -11.4220324336556 3.97605829336486 10.169504282213 -7.06981378724128 -5.93612759783314 -12.476987116183 3.74753997976383 0.196854458399191
Taxidea_taxus 20.7646511095169 27.566968202259 -6.17798516840464 4.50452323250907 -13.6170588166802 14.7172431475604 -2.16915881529024 0.681325518990707 1.26351717691595 -4.46964170166691 0.407869620566407 -1.62829027635808
Tayassu_pecari 22.1609246473787 -41.6535055524963 -3.10234604945658 -8.5161331685241 18.0488146974105 17.3681081081728 4.91472092854793 12.4586913013205 -0.551596525310531 3.71348767891272 -2.75497119956953 -1.22660536521645
Teleoceras_medicornutus 27.6300243053212 -18.3811307145593 6.00538876562208 2.57101830170665 18.6241708437245 3.22949436440777 0.740076740760491 4.80275682634095 -7.42943418251924 -1.37724583814634 -8.55539302391149 -14.0388266931134
Tenrec_ecaudatus 4.70701851062472 -4.34470581865179 10.361719901091 -10.6188214914971 -6.44462235186556 9.95841803381603 5.00870156334548 1.18511708946709 2.66133644682535 -6.07421231319496 -0.0781790898001478 -0.083367061238231
Tetracerus_quadricornis -10.0827486084175 -25.9783283241835 -0.284195141283408 7.55101873823984 10.7747778805855 -3.4391032184506 -4.31496266427741 1.51544861595517 -2.68354136541057 3.55068961492396 -3.2903636411116 2.48040411301248
Thalassocnus_sp -23.2939798740243 3.10451758184575 1.62389835864957 -1.78087096786228 -5.65443021462237 -3.66018288584407 9.05753045704843 -2.93202515999829 -0.628064491796721 2.49647657823681 -2.21755012275243 4.23155682224926
Thoatherium_minisculum -24.8350166878363 -19.9980714301721 7.52052952499166 -9.88640219259319 7.62168907970586 -0.0934756772712658 7.05371879106611 2.62326247459381 -0.815068165149042 2.17222059962532 10.9473296564564 -2.42096259845848
Thomomys_talpoides 16.5244254141244 10.6572308241175 -18.3561159117308 5.22423718170241 0.524148193747386 -14.6665249562758 -1.80992977976886 5.0611875159073 3.46043970613827 2.67505660047703 -1.00267044417963 -3.4853283215382
Thryonomys_swinderianus 10.851785237837 -1.87869573255477 -13.7408203888833 -4.13365875376965 12.8773459554179 15.5391395276453 -5.51694537180198 -7.22154748996783 -9.79950650392448 4.09494027403685 12.8571229198101 -2.61807637382754
Thyroptera_tricolor 3.43539402639129 31.0607325859402 9.30596057079555 -21.7247030227502 -13.8708162561316 1.44782717972109 14.3236014006213 3.33456392933434 -6.76466137814599 -1.72197980192402 7.90381201125273 1.0334909641082
Tolypeutes_tricinctus 12.4253061156208 -14.9160257763157 -7.58552546168482 -1.02916759635779 8.59372267929103 3.50343112187398 -5.56894449913508 9.91633729330974 -6.15084638404182 4.50342859853943 -5.32166973948693 3.55967513959714
Tomopeas_ravus -3.50843428863109 39.1550600269655 37.4893085938522 -9.81023185376812 -4.88880215707634 -7.86035380207263 23.4519376398884 -0.997301921318695 -11.081768423961 4.03096207298592 3.79430665126788 -5.58515668854985
Tragelaphus_scriptus -19.2356493006204 -17.1962120107668 -6.66934024320129 3.26137791089704 5.62890868644498 -5.36357475832433 -10.8425391671949 -1.61458599778865 2.83289855389442 4.51686448671955 -0.296367356762919 -2.19706573810705
Tragulus_javanicus -6.0588227306984 -25.3161125528658 -1.48185123106175 3.10643603932326 8.26632709272091 -7.92986149045607 -1.74867637747835 10.9426592785255 -9.40984440660595 4.71677665163227 -2.93413990556404 1.19250437522566
Trichechus_senegalensis 28.0803806608981 13.3480722201917 -10.011859417608 6.08199104149277 5.12347732779499 -24.8635607557324 14.3772946724596 10.2396203391495 6.19440026130928 5.73464330371733 2.13097714227942 7.35502802102862
Trogosus_grangeri 7.62412815954262 -15.7387991110305 5.69130649211896 0.646788757737973 14.3561927391869 5.25541573664044 3.09282091886802 -4.82902396498224 1.88920131391941 -11.5879345286276 7.0634453061745 -5.77950817556614
Tupaia_glis -8.18145401595345 -1.69514607371066 -4.43543681651005 -15.7974644832601 -12.6377158061818 5.66557726796648 -9.47109551705198 1.77413858027476 1.02396497878251 2.07730030052372 0.822055029369409 4.75665680861471
Tursiops_truncatus 87.3174677644732 -35.8381150886102 9.12307661758476 11.2186769991609 -26.8487132364396 9.41317354252591 0.5755208488734 -1.99155987352896 -3.83272718859264 28.320612234156 5.82273437118647 -0.399446302364182
Tylomys_nudicaudus -21.2254027272134 19.7810884892375 -4.70271893344987 -1.14472219299009 3.21559294717115 -3.08068771550215 -13.1055182421351 3.91864093606182 4.6969251932622 -1.58254431361868 -1.18010599561726 -1.14616610205531
Tympanoctomys_barrerae -6.74645325447595 65.5678376011164 12.3286102498915 10.1747089394656 35.8555798650592 -18.3198139360257 -38.1015131791097 -8.50042404837915 -3.45791321653009 -14.6013480488968 13.415982518102 -1.62302175899411
Uintatherium_anceps 19.2824252211122 -2.48068106820952 7.28815090989867 -31.771625127615 20.3845921681025 12.6624765827561 20.534981963016 -12.5144606887971 -3.6515641774343 -5.10030744062466 -10.213304245318 -12.9371819249853
Ictidomys_tridecemlineatus -1.70280535877583 2.85510050613881 -16.2733394483758 7.87875828967941 2.8554488203217 1.10193478520658 -10.6873146136289 1.56857962845238 1.01888354714319 0.892711462899764 1.90478164455226 -1.11812070721155
Vampyrum_spectrum -6.53269828645931 3.90669826204879 -1.0726481201859 -15.4658283785937 -8.73437867868103 5.02145682398343 10.5557696628888 -3.08504354743214 4.58203386229199 -5.39937303854882 8.07669000290387 0.583688473950891
Viverra_tangalunga -16.0598859405831 4.03381234196686 5.40692025092772 -5.91510447278014 -1.44190113848016 4.81117223034943 -8.14138321965106 0.523288660462553 2.91213801781632 11.0709966063254 4.43844600852859 -1.61747872886685
Vulpes_pallida -13.5096138778628 -9.13017767730364 6.96734550441354 -6.79035416019291 -7.4946136463321 0.498723518516696 0.794806045466242 0.439087756978422 2.62973615550842 4.25774746315547 1.82740438139246 -1.81483858107322
Xiphiacetus_bossi 37.7768737965991 -66.3892393796274 18.2890655738295 4.98227207959822 -21.6599942086125 -3.00440724764201 -6.81826103617884 -7.26112993241014 3.23751906556321 11.8877127364486 0.807547078857159 -3.99609109897157
Zalophus_californianus 40.5349972583388 14.4471129575158 16.2404081750136 -7.82265142649567 -21.3784487544955 10.6357606012525 -11.9211423749999 5.63597543093685 9.30558487579343 9.84431201393899 2.98074595289781 -0.0740724035699206
Zapus_hudsonius 0.688851491879265 20.41453538917 -13.1697398585083 0.580055626679914 -3.19641566339526 -20.9507322137089 -5.58856234819374 7.06602676370288 -11.3630018635728 -8.89121999375938 -3.41700769833575 -9.3362740891102
Zodiolestes_sp -15.2692070164346 -2.93716938241395 -0.556234117683575 -1.55751945930069 -4.81321681276594 4.66937032368367 0.366197936414899 3.15837356165049 2.52137093978054 2.75427284148837 4.12382425722265 0.479663556166499
