Acinonyx_jubatus -27.8772887276331 -10.1092135125026 5.09591347466941 -53.335733798254 -24.833179709479 4.86688502329953 5.04346296867347 -16.0525052668445 -1.72875818695366 6.31598663575281 10.6240231225726
Acratocnus_odontrigonus 26.8403467340123 -9.04625282702042 -6.02655509990768 -19.7937105624543 -0.984506140287054 -7.80390383028554 13.7957104078999 -4.333801125847 -1.46226484048234 9.55901360491884 -0.65757806029771
Adapis_magnus 1.82491806968182 -0.786435532538121 -13.1330397818719 -4.91438672117952 -14.6400157997326 11.5996070410809 -2.19781859179541 -2.94727256789034 15.4869312515407 5.96678216715583 1.70722779926966
Adinotherium_ovinum 10.6190501314562 -0.664633429332745 -5.63106174826521 5.0982413441288 -21.56050909717 -2.535255877641 9.59838903256108 -16.9326305707152 2.81582561412989 -8.59984657181904 -0.103559503995066
Aelurocyon_sp 8.33027296587938 -0.0854881456711171 -7.21817619700334 -32.8353992111023 11.7950048930857 -15.577257400655 8.40369795011845 -13.2008696938146 -2.49421386299239 1.57751094540543 2.68803585630174
Aepyceros_melampus -74.7003273599654 -1.16786461099212 16.6838905408966 -9.7510127388964 -1.96255551724602 -2.50946576732114 -7.65146527387646 -0.665881575686152 7.28632699385762 9.90441883646706 7.3335684907324
Aetiocetus_cotylalveus -39.1629776252466 -1.16641649601393 -14.7865127871404 66.2837715981208 19.0759506061156 20.9209051324091 -11.2820765993665 2.00954119586392 11.1779856309278 6.32831350766903 10.8761465458214
Agriochoerus_sp 14.7113127454348 -0.534582165905865 1.03926856109627 22.8785717014061 2.48830699469247 -2.33969387322905 5.520449128004 -5.75467724121573 3.30079034495196 -0.19598396747286 -2.16001907100308
Ailuropoda_melanoleuca 14.2729882425645 10.8449595869876 9.12414076435699 -34.9871468159685 5.77788032428168 -15.013607019529 9.29996859689033 12.0662199320089 -2.38825765883076 2.69509230220091 3.96502842268815
Ailurus_fulgens 28.5965409493675 -11.8278308690509 -9.19628471007882 -40.1607733060847 4.29688689399503 -7.94654542255381 2.44405273625484 3.76428686553544 -4.76977040390946 -6.99905902835529 2.32972610946297
Aletomeryx_scotti -58.4501210192773 12.8302589821551 16.1416044290968 5.74727954692364 -7.26804749305278 14.0129961386981 -8.16059036400803 -6.95980398500599 13.8153607569105 2.47162109737134 4.20831494402614
Allodesmus_gracilis 2.12235011350264 43.3959015854301 -11.5759996696344 -6.90249088831704 0.0648527452556242 -15.3598065143844 -13.2086144583102 7.77608932600277 -7.77989394430426 7.58117791347298 2.22910762901864
Alouatta_palliata -7.15015244568896 -51.1833911156181 -14.3639409976653 -38.9624152030249 -12.0584726908161 10.4505158767987 -29.7038956440745 -3.28580240709716 4.75296351260569 -7.72184949438273 33.9130305556068
Amblysomus_hottentotus -31.3323349211312 -1.06364226358273 6.48962817283055 12.0892578038282 12.3033469198701 -0.151997519125538 -1.89972221704 9.01581759110791 -6.26004258209224 0.901253266050765 2.80360101841068
Anchitherium_agalensis -13.2865434205792 22.9745043220101 4.6522815486383 3.34301908972571 8.47704075870316 -2.53208664942232 -0.487669214830277 -7.42621700560629 16.1338916618116 0.433696431368459 -4.30724910041524
Anomalurus_beecrofti 25.9324806874275 -21.2547057415272 15.3453547375477 -23.8619162134321 -20.42899290963 16.155326219916 14.4489623512778 -2.00352135592 -3.24204224566758 1.57108256529628 -4.56892583220261
Anoplotherium_commune -1.38219475011536 31.7913459409737 -1.90274852764379 5.38363675587483 24.9632096957594 -5.00504115015684 9.71603655519717 -11.0737559375036 12.871978229005 1.69424346264511 -6.08828459272329
Antilocapra_americana -96.4030491813632 10.3493247102168 20.5434378334022 5.21329290700655 7.54919418325141 15.4821929816422 -2.718306240075 -15.6223270498476 -2.35662841320392 6.40881383085654 6.51426663445216
Aotus_trivirgatus -4.10751565206197 -61.8270682501522 10.4608735531467 -72.9611178184708 -15.5238953179789 21.8092885749132 -27.9467828083485 9.66771803956699 0.388493547163433 1.58233103559726 24.3095354934709
Apternodus_brevirostris 31.8180068037164 -2.16290739666015 -15.9467912457034 3.05130551904543 27.759447092853 -3.29861164022126 4.63076534396139 -10.735012069939 -12.0483454404633 -1.38207144709362 8.5625061934427
Archaeolemur_edwardsi 16.3272281060276 -24.9888151584328 -5.82893885977845 -33.3101805464968 -22.7035551072749 0.748068700486363 -11.4080941874874 -1.24216852204418 13.0215203051019 -7.67906935258563 10.3699232542411
Arctictis_binturong 28.6157780770014 -12.4714517864689 -4.96265036491558 -14.0058301472548 11.8645368966948 2.09440461631932 -4.31430464237921 -0.26514656749324 3.31307293085647 -6.38442046111676 -0.280050256658371
Arctodus_simum 4.12116698620581 -25.8920974373925 -2.44432169454978 -27.2499864301757 1.08077515835569 -8.79253784961756 11.6773041624971 -9.84018820728596 -3.08324623512613 -1.01895548143228 7.75314743714094
Arsinoitherium_zitteli -49.4720772805706 -3.73922933467479 -43.5866048782441 1.59637890255013 -14.0066554915837 -18.787049121132 -1.79095156084501 -7.17584720733055 -12.7470550468809 9.02627418099714 -25.5041261689147
Aselliscus_tricuspidatus -24.1389401758366 33.177175010183 -22.653300411286 -38.2438314032863 -9.78090351702522 -21.1720037984627 -13.1100796688091 22.2887675147617 -6.20696551919845 -5.15703880346547 -15.6758936227083
Astrapotherium_magnum -3.97491686594692 -9.41377201467248 -25.8438214151226 -17.8760237993335 5.90904898278403 -26.9060875302605 6.43578382277915 -9.70552940057144 23.0593352723422 4.93054814965283 -0.256226410352997
Ateles_belzebuth -10.2380848937992 -56.4973655562191 -8.44873181719003 -90.0564290340956 -11.0230310712047 7.20759213924227 -33.2887168190459 16.3455045740606 4.44394583719259 -18.0543228045828 15.669143405456
Atherurus_africanus 9.65082428017642 -15.5415065530035 31.0060525980846 -22.0655190581291 9.8277973089222 -4.61477816665925 18.3419999016715 -13.6039956674316 -4.892569856318 -3.66030518996103 -0.497099177864114
Balaenoptera_musculus -63.223304870904 -21.4446108599277 -18.4256363689521 66.7113697114635 9.91393492729667 -1.1979344443642 -11.736181158337 -0.356113076088888 7.88610966264884 13.2889241348707 10.1170363562805
Barbourofelis_morrisi -34.1506705799809 -28.388778340229 -8.88236879140991 11.1486456591512 0.17477510871159 -1.53075132478364 3.98517362092901 -7.31794771182199 16.0082388309643 14.7141652168728 5.55379320823976
Bauerus_dubiaquercus 11.2412532022858 -8.40368567608711 -31.7283903817318 -16.7840437544563 18.9470600086505 -8.13802649074602 -0.743892039246189 17.9489226896847 2.98530008708337 -4.42204765224314 -13.9376090702915
Bos_taurus -86.4510352362399 26.1346723842404 -6.55838313967608 -26.3332296125168 25.8414459228447 14.6218965024851 -15.5364979747961 -21.3336284749164 5.7412561195956 -5.44120474940319 -4.01004999595211
Brachyphylla_cavernarum -7.65937123774481 4.13154658270429 -11.7459154312854 -39.9943062838951 28.7873867226471 -4.997126487809 12.4369851005677 22.9895267921099 11.692509752812 2.2307073156782 -3.0362127418011
Bradypus_tridactylus 23.0955373444078 -22.8900777953046 0.987448994742426 -31.386658396499 7.35015023362637 -0.672302675903626 8.07627515256733 0.685846612786504 -12.8905237167895 3.09477857021372 -3.51009384469995
Brontops_brachycephalus 32.8058414263512 -15.3902140649613 0.892988941121829 0.0530898644838779 43.4004037653897 4.0425814697915 9.34959650587608 -31.2847137403306 -7.54291423433003 10.7842717662966 -7.16238482981953
Cacajao_calvus 1.09129933900387 -57.889245215702 -6.29143467122494 -72.8977797014183 -25.9386260152189 -0.66727155966055 -32.1172647061801 15.4290626356401 7.08408113195379 -10.5880831818636 19.2354751109669
Caenopus_copei -0.164235828342193 6.41606729991202 -5.04823590386898 5.44568544155949 22.0867368483586 5.67710602630013 7.38080622806734 -16.6442043615386 6.90971794184735 -1.78374595021456 -9.23003053500368
Cainotherium_laticurvatum -1.19237998937942 -7.89553568617302 26.6261404418159 -2.13357240080489 -19.2527888022192 15.4767879457402 -4.04688357608013 -3.80368142268318 9.45140925834988 3.95245147405965 -5.94143152144734
Callicebus_moloch 15.2183460235296 -44.6420275349315 3.39894267226764 -70.4020979963216 -17.0201971171482 15.5208086712381 -20.4985185012204 17.3977041782499 3.42973906661849 -5.05593403497545 19.125709167669
Callorhinus_ursinus 14.7556167995686 2.81396292047841 -5.67217613847455 -59.6376558476592 22.0645819822095 -7.02872498901717 -2.22172914834239 -6.23415286649502 -25.2995682305616 -7.43744715053757 7.64244152094334
Callosciurus_caniceps 1.02704783184733 -29.7828972868182 25.503294298238 -30.9005804780255 0.742149614333295 21.2401677012556 16.1117097216783 -7.86939804535389 2.57518423967313 -2.81146533214327 4.32003983373644
Camelus_dromedarius -40.4559175478187 0.160583052289097 -25.8090851695405 20.0128892641612 32.7111579266821 4.65595018799264 8.14142645322081 -2.97955148639886 11.5375844258449 1.51131054985098 2.48713964682568
Canis_lupus -15.1956783329792 31.5472992390997 -13.9592183359162 -14.1693083635335 -7.93645501793258 -1.5074566491985 -7.60367017958141 -3.75007599299522 0.937262980925893 -2.29567581537868 2.46358760884961
Caperea_marginata -31.0134087183001 -28.8242638550219 58.8560927063035 86.5985103406824 21.2738175789799 -18.370686876398 -7.23494969191683 3.53956806654351 16.3025932656465 14.2912231462099 6.06081356608887
Capra_ibex -70.8833937833706 -21.0766544295812 16.8071913216768 -28.1557192641903 2.15111890634089 15.4744080298693 -0.274419928165218 -17.5777996020364 1.95728799705478 10.0613884560698 10.3263470749387
Capricornis_sumatraensis -45.0679576053408 2.2482255349637 22.824957652333 -10.8916423772976 1.04607019791251 2.08367456751816 -5.85625561512279 -23.6098054560624 5.88503559471313 2.23576889536153 5.3897792513426
Cardioderma_cor 26.3037939720447 -6.299137289906 -15.4863391791179 -53.0301834169345 -3.44520074218803 22.8812799882089 -1.38283090315883 7.9653675909549 9.28511875671909 -22.6117346342547 -19.3324725362598
Carterodon_sulcidens 4.74405816014123 -15.6291916077124 -1.84874687336386 -23.640135993873 -12.8982652391805 2.48620768551354 8.2140139988242 14.3841959374713 -5.38751747430313 -1.75077044275963 13.6338937739766
Castor_canadensis 39.3562977161653 -21.3203547034826 -10.8120753818263 -28.5453247151753 -37.3683531053805 5.49922037738589 11.8935982601796 -3.49093950450271 4.42685632334546 -11.1337786243782 -10.6068366051433
Castoroides_ohioensis 37.7561365769009 -20.0988720194618 -4.25698533527237 -2.33118051304013 -45.2464188632036 1.62336747311263 7.34336090341267 -13.4093452691359 6.48320233860982 -18.5248966960643 4.86929485149827
Cavia_aperea 15.1009805921621 -8.59140777703627 23.2480214038528 -19.6880164587009 -4.09825959788699 2.9892810723118 13.1346456546776 3.60828224413589 -11.0754274539884 -0.00749948462887073 2.68340543164502
Cebupithecia_sarmientai -14.8620395715581 -25.0999079265732 -13.4926879372235 -85.6131829416342 -22.0406050854927 10.56926080276 -11.158796338532 24.2930981766281 10.9527674655148 -13.7616585892711 9.44542954647666
Sapajus_apella -5.97941056267005 -46.3514994929189 -24.5156597873023 -114.270001500069 -20.2159797385075 16.4902570250335 -28.9685467245185 -0.949315334046375 20.8379055816597 -20.5072081895413 13.0327264884795
Centurio_senex -15.3480496810497 -42.2995304273363 -15.3298305657882 -79.4561136847426 -0.621377422475151 -24.0015416585392 0.259876307189248 23.1337088061754 17.748818428135 -6.42358433246933 -12.6822299540495
Cephalophus_nigrifrons -52.0693492346791 -1.19225815936379 5.52890446732326 -42.7053142170954 9.84037204305406 5.22569069923665 -12.0924391805232 -11.0865775130511 3.82731001070047 5.78575755448066 -4.81586102386369
Cephalorhynchus_commersonii -101.61808717 -69.1208906523047 -22.5099333088327 5.73338491890376 14.9264772603474 -37.7088899909231 -9.66060419613821 22.4344507946427 -3.85317651575788 -10.7957482551782 6.29912940458937
Ceratogaulus_hatcheri -1.97878117303421 -9.62641427213118 -11.7676619772449 21.6475958021834 -15.1685180348526 5.56868007050084 11.5116499412476 4.2074335865265 -8.00234398831917 -2.19938215756724 5.6131469204697
Cervus_elaphus -56.7971995281062 11.9909618652923 10.6569952770326 3.34534735412438 16.0628579570124 13.7840821663448 -9.73872771766878 -1.00416786444587 6.5928396963753 4.21135968799748 -1.68010117364028
Cheirogaleus_medius -4.60795609677272 -23.1485739956941 10.3649639507905 -23.0914542229989 -24.6906394990933 25.0999581038889 -9.1701295303164 4.13271621503614 10.723935220229 4.39042941412674 11.0033994589055
Chironax_melanocephalus 14.1265470081418 -3.90052983211016 18.04032843955 -33.0240813244978 -1.28677014593411 8.95643128343347 1.27772418391772 11.1082404219077 -5.16648713807894 -1.77726614215063 3.30703307602921
Choloepus_hoffmanni -0.697766475079247 -48.4908203380637 2.47673777544925 -50.6760839481626 -2.5278351602227 -4.32919060949478 15.612930830256 -5.60468605013877 -5.67960395807097 12.3517830456334 -4.85151372517817
Chrotopterus_auritus 19.978996311707 -16.4292295327134 -35.1848605618976 -48.5086534040103 29.4190476335276 -9.22517102853188 -10.9705829875309 12.9072931494218 12.0207469307288 -13.2911059068039 -11.496447451281
Chrysospalax_trevelyani -13.6879378530395 27.0858129641226 16.9241484420558 -16.2643264756229 37.7679979236881 -1.39167289561375 4.0688095922322 10.8244572041152 14.5600045468704 10.8122034194142 -4.75066659805352
Cistugo_lesueuri 26.7915396734797 -4.19486711673818 -11.2579381644953 -6.29310111494563 30.5836647766537 9.53119527976476 -5.7984236104061 13.6189482422835 6.55858762507109 -9.89481548429706 -0.808120479543691
Coelodonta_antiquitatus -15.8934685402901 9.78866667568729 -2.73983542598624 20.9151344886034 19.8444701734485 -6.96684860328993 -4.27227187257137 -20.3116561811673 -2.49245251464766 -4.27467442511425 -8.15367608005209
Colobus_guereza 3.02919458443853 -43.391668543064 -1.07640616823906 -59.9346112361547 -2.00289728458386 4.84222618846139 -16.1255508232863 7.73192417715986 -7.06331429524377 -1.04860097078412 25.1610138368397
Coronodon_havensteini -8.48221514359232 -21.9912121367906 -10.9769522179213 55.6508227350546 -0.496000262966244 14.0276550684062 -13.647426248118 -0.144274023506736 21.400108506776 -4.85465041694765 3.35895011033379
Coryphodon_hamatus 13.2286455519588 16.5724591424113 -10.6455170005914 0.994515221155343 4.66522439008501 1.8639899256135 9.78129624023718 0.120627974839914 -6.2485080093756 2.36201599062403 6.08349482739146
Cotylocara_macei -107.574937393415 0.556119775986291 -50.3305319743167 13.0459856829044 13.4616308211269 4.80264887514701 34.4396423066567 9.96437234107409 20.4701242580952 -2.42394024778834 17.2332462362467
Craseonycteris_thonglongyai 2.21723945960566 -16.8858185576778 -23.7382727576046 -29.8668415618942 -5.46456804425271 -20.5359625279788 -25.1979842533914 28.8882038101581 6.4577372135429 -18.4954980864167 -2.49616976447571
Cricetomys_gambianus 26.5945096939822 16.2079805092778 5.02983223028438 -21.114416924612 -7.59051073918901 4.87259746161891 14.330769654124 -5.31916778321399 4.65037065542477 0.0392108627337283 -4.88977770730784
Cricetus_cricetus 15.2666570059198 15.7821859441832 -13.8770753360163 -23.8683995020481 -20.1830163748917 0.750019838885682 9.08981177281074 -9.96760702959992 6.75555801120002 -12.6980355071893 -5.36276228530624
Fukomys_mechowi 15.9325369187546 -8.11105384582258 -13.3197962919881 -14.5210474007294 -20.907114781329 -10.5451624560276 27.0964325938465 -7.76808765722315 9.49120191300005 7.75878639786346 1.40622903094986
Ctenomys_knighti 13.3495948667627 -22.1527681013354 -14.5886638118671 -14.4762925470824 -22.9091758607051 3.27767484825293 4.84309151623014 3.33541369168873 -1.50250874574415 -17.4979499614707 5.96830686243579
Cuniculus_paca -23.5673702949064 2.46557197425626 53.6760103451344 -6.87157143732855 10.4106096269376 4.81977163306485 -13.0347495541728 -21.0323362161876 1.73156930114798 -1.28263218326805 1.43541779393452
Cyclopes_didactylus 1.05612747568914 -0.368392330759679 15.6083313850104 -38.0080398534701 -17.9101140039411 11.2818427333097 -1.17286268169809 12.0845565262574 1.52506791797712 -5.43777187587166 -3.56887232469981
Cynocephalus_volans -15.8280202682433 0.844877913295498 10.1903798480209 -12.0788692018059 -17.3856638745942 20.8306798008152 0.211952142438763 -1.57233446365386 4.20491031706019 2.63191276636335 -3.15629169508194
Cynomys_ludovicianus 9.2271655960385 -4.17182754254825 13.0592354868168 -43.776469361071 -10.5652957769675 22.4898631810552 7.50630403052379 -14.8683993690694 3.38927038469872 -7.47189699354285 -8.83722580274681
Dacrytherium_sp 17.123384727446 9.85329988339218 16.6698326334223 28.814144185488 1.64002179086807 -12.3950659291201 4.06728313039814 -12.9794313946163 1.59416226801795 -6.08320164715347 -3.81968192285191
Daphoenus_vetus 13.0821891196974 16.9478238904482 -9.55778684032746 0.19065875021539 3.80111736595763 -16.2488096702306 1.50770811449499 -5.19352913256267 3.95892076725925 -0.0176930090588838 -1.9006021782713
Dasyprocta_mexicana -23.9467702607249 -12.0432240681422 37.7799671397314 -23.1457444739477 -0.681235904076511 9.10103589348329 1.62744963218232 -12.4981072049941 2.26670277810813 14.8859731109716 -5.76583091693562
Dasypus_novemcinctus -35.6996669993528 32.4798210578922 46.7051802358526 1.31990803458437 21.793002377961 -5.36622624811812 -0.344409728111694 -5.21698675079131 -0.5577805104761 -4.40459720720754 3.82059031858962
Daubentonia_madagascariensis -6.72877271432334 -61.2495568266741 38.1715827588604 -49.2562526461187 -28.5936481760675 13.6835983997101 1.05548002565753 3.44027472917566 1.02858994241983 -2.465391619715 5.22163662876588
Delphinapterus_leucas -98.0452305288982 -66.5078371018943 -54.8511751002384 3.25801841432841 42.8443848992572 -27.3113142087957 8.29222231731522 22.2549942224728 13.3875317476396 -12.2987857138729 9.47001488462299
Delphinus_delphis -110.305689457918 -47.0147048038726 -23.9930476128046 12.2342227779966 9.5688038533676 -31.1706390028938 -11.7257114762056 24.8247566397489 3.82719455430063 -2.63045803135588 7.63689408260628
Deomys_ferrugineus 17.7940030180568 -0.384814197821488 2.71365421962569 -17.7624666622306 0.281218710153886 7.39592005737599 -3.97491491479554 8.87760140512953 0.392965933893771 -7.32198226842672 -2.19336065271304
Desmocyon_matthewsi 7.7181163392938 7.44553070323999 -2.78412537171561 -15.1090908431062 1.43063586976191 -0.425587039541046 -2.55274506993936 -8.17626897767873 -1.49717894488942 3.97160923644837 2.60378125305238
Diaemus_youngi -3.21988040567499 -20.7927634952695 -14.5344267516736 -65.3010414513841 18.4548254652749 -2.09026671973692 -8.55576638031045 11.8141016910352 1.79042149847629 -8.89440244225099 -16.084709623617
Diceros_bicornis 3.18130168729766 -5.17933841582862 -6.31205592301996 5.30007600559176 27.3967472770593 -15.6936315820408 20.8519484676993 -17.3405911513124 -1.76107888438177 5.68195249287217 -4.69732024501197
Dinictis_squalidens 8.0304838793791 -18.5919721617203 0.567225912462361 -27.2213844258524 -22.430143982019 -2.74451709327213 8.9322521687184 -7.59382359530989 4.94753421147335 4.70935249269063 -1.73023549366804
Diplacodon_progressum 17.1981943546352 -4.99687102311388 2.55830769338677 28.1504316318111 48.421695168673 -7.98746934625944 17.8603102283388 -14.969091078566 -8.66918606790015 7.80589575327313 -15.9690971760325
Dipodomys_ordii -16.4628958943571 -23.8662080809226 28.5697207062008 -20.8961775304406 -21.2472606951196 14.0523851738063 8.1264672397234 0.00529562966517433 -4.9815378950148 -0.569723397211452 10.8041143642172
Dobsonia_moluccensis 23.614899690167 -1.28796655046144 -0.0512554847210003 -16.7667698806429 -32.1087751469178 13.1452114848245 -2.69973012226802 1.99027787295629 17.6012067010497 -2.9364745068847 -6.59581633092112
Dolichotis_patagonum -47.8710322602284 -4.1903270205867 52.3073861676993 -23.3655961062056 1.96673744029601 1.2854528047072 1.01627366365831 -9.59441714799245 -17.187013098692 25.8438801421896 -2.32064220286272
Dorudon_atrox 12.3497666003493 -1.89491313264783 -7.09487540663694 45.0591349881041 10.0433957884217 7.63274364227588 16.0585620087092 -3.42339123834543 16.003455448266 -3.69267057703509 4.21846130658517
Duchesneodus_uintensis 41.2572295573055 -32.3681919452786 18.2820416506917 20.9122061304849 49.5713951678965 5.07395893749595 18.6926522191019 -16.5762732171967 -8.19402218952668 -2.28887466449167 -8.01165430865146
Dugong_dugon -18.7402914175622 6.42311701036116 -28.6024732800981 -10.3975945950666 -31.8794592739245 -4.99901341691969 6.46735033037899 -7.18313604747592 -18.0756012873301 -0.0253670097486655 -11.1633421397403
Dusisiren_jordani -17.8462553592897 10.5840845157825 -60.2127649779461 -15.6703214255229 24.8120789008363 -3.86345662696303 19.3080482156606 -5.2707767461039 -9.82338146035649 2.72414757623359 9.75523368477131
Coendou_rufescens 20.2718628272677 -33.7881884015997 -1.96849937626165 -24.4927203820833 -6.1849244071699 4.44963990136021 19.9999316290782 -0.205490551046482 -8.16976467459722 -1.32695359457575 -1.79262155061535
Echinosorex_gymnura 12.7967159799005 17.3405790936945 3.89034112084942 24.248402894059 -2.52570232128758 -7.31321188806043 -4.79199528998827 -1.31926731581156 6.67268998779201 -9.08834135674752 8.2184801025748
Elasmotherium_sp -52.4486870804569 7.75345971515782 -4.15447233052869 -13.9035092344581 13.8437339491337 -17.8906095000856 -5.66237845539259 -39.4823727426915 8.34251598219243 -13.901591585505 -2.63779424069232
Elephas_maximus -18.4830363077054 -75.459918207645 -31.5673852739053 -39.7295418098402 -7.28926986309528 -12.1655473467899 15.0677517577626 12.513154602998 -13.4032702426167 3.5102193381715 -8.05552445748982
Eleutherocercus_tucumanus -0.774277817236903 -26.5460331043678 10.4185838925722 -34.7652318127575 -3.67449801656151 27.5519479213136 -3.34869083658579 -18.3209945037402 11.8567027290691 -4.43957994134578 5.921480565901
Elotherium_sp -39.1267419631515 29.5474853028746 -15.2985701860572 42.2819123274721 9.98842617337286 6.90350114573913 3.95896612631324 -6.56683708686617 1.34783903814023 0.771906974109783 0.44386624050389
Entoptychus_sp 25.4712275088188 21.0391705790865 -12.6694163599237 -30.5001509261262 -5.57332616910789 -4.55327836647736 24.8727477890984 -1.17699244048457 5.33547858336803 -0.77324947274645 8.56972647715433
Epimanteoceras_formusus 14.0595899124224 12.4145796555154 -16.5852276089845 10.9244990730727 36.7061770403716 12.9754037881962 9.30715635967657 -14.2354335643717 4.67416859961157 13.4208772154518 -5.51540165963349
Eporeodon_meagherensis -23.1802465351752 10.2743264700881 -7.58380153319625 14.1881820040316 -3.05050777303927 6.82168103848303 -11.823887040738 -13.940638569017 15.2177854147365 6.94008245547312 -1.14042600044964
Equus_caballus -80.8182889289252 28.0972098431368 -11.987464859817 -0.087318154008078 16.9741246019962 4.80147715800392 2.34199494333258 -15.2054934723143 8.1813598561059 -4.25772563005766 0.987004038166585
Erethizon_dorsatum 21.1018195354238 -34.9983021580415 -23.5818357919492 -24.3885548353735 -2.55540926660165 4.80876421767723 21.7556428360222 -6.67530712893019 -4.65489737666509 -8.08424786869284 3.13962946319436
Erinaceus_europaeus 3.1362928181943 4.71182096231971 -5.08336123324562 2.1656684971479 2.73299302526412 -2.69518846828207 17.1485080046732 4.54650344608967 6.10867129776107 11.4548379647424 12.04304038066
Eschrichtius_robustus -70.4837549136723 -16.875539920409 -19.0596689772374 47.1559353529522 11.7211800013922 -35.7089523697689 -17.6791009522896 -1.66884160694635 16.506213845013 5.86815471889469 13.2278033767602
Eubalaena_australis -86.756528421189 -71.4961517810457 21.8504768140394 80.7934891402364 47.0745571343497 -24.2163642617322 -17.5389526995847 -3.5408026955216 26.8953396174514 -4.65583342988982 6.27818192613651
Euhapsis_ellicottae 42.7615228344656 -42.6609033519092 8.95927441930884 -9.697916213591 -47.0761725668186 -16.4864358481047 29.0085604325806 -17.2757522042709 2.33352193742538 -11.7597687979469 -0.462908645256093
Eulemur_macaco -16.3788312903657 -34.2104757070118 24.3841494476716 -32.1720445898399 -8.97999103955161 18.1069025594525 -15.2915665349784 2.55846575681891 4.95524581530937 6.06484222272166 14.9954839444555
Eusmilus_dakotensis -24.2668322947589 -11.0814324687899 -22.0854626709651 -2.11509275404507 -12.1814443376235 -24.5641319480551 2.28686871088569 -10.12453601111 9.22816214045098 -0.752697766221987 10.9028938046376
Fossa_fossana 25.6509181176402 19.2394794504169 8.5999842598554 -17.086575308429 18.7813569526041 -0.9869627878521 0.981911033277778 6.68132525023318 -7.07598770060253 0.659858346932038 1.12523514706884
Furipterus_horrens 13.6076557220418 -24.8250116896477 -26.5853395304697 -6.05566964681149 35.498832433789 -2.32004681730441 -35.5659868731171 19.5611395038839 17.7838691085463 -14.9078757670539 -17.2717721625219
Galidia_elegans 16.9370928600964 -9.6301903567275 3.72206039729581 -28.7154081952396 23.9778435703468 -1.62501037439918 -3.68603323099737 -1.0570691495945 -11.040008893596 -2.05069507688314 1.89916465288752
Giraffa_camelopardalis -58.6940857500623 -6.13440048661683 18.7249442153738 -39.4895188710856 34.4038949346371 -12.2542370604533 -13.9247563401555 -27.9432303066429 18.0806334142458 -0.931041790028107 -8.61119238640622
Glaucomys_sabrinus 17.2879089528075 -17.4779027359394 13.8179912075237 -44.1506199965971 -5.82482458407322 14.2251761136402 16.0271371059625 12.0203762064913 2.20948012196 -1.14970966098509 -0.916541064505679
Glossotherium_robustum -20.2719767868751 -11.9897229549567 -16.1759504400577 -20.7278286307145 23.2631427416498 -11.7665580229279 -3.06830680901017 -8.81081696135169 -14.8679805026263 -1.38896038866843 -1.93401677262629
Glyptodon_typus -8.01053880855833 -33.5318097877871 1.00434906036755 -0.373020939868679 -8.60250954170575 3.0305366563736 31.5628342013275 -27.4420938307363 -21.6210538730862 -7.07774479697142 -12.8080069321736
Gorilla_gorilla -31.3405645694124 -33.987832822628 -18.2423080500748 -56.033006467079 -20.6880021047775 -10.663212748269 -3.55590424768886 -10.1511616799051 -0.0171450463306303 -3.87221350146157 26.3719039191537
Graphiurus_murinus 13.0256171572015 -2.4777827118006 -5.6055369233654 -28.2920730033876 8.76312059667708 2.70886952750443 11.5598945415129 13.7630900355064 -13.3482760456371 -2.74899776300217 5.45983429323663
Hapalops_elongatus 29.8302017640716 -2.45908392872964 -2.88621880001349 -10.6621500004394 9.98120308737583 -12.3368144575308 6.57995507235897 -5.16674625622908 -5.18905076335046 -1.49544729785404 -6.99501350493373
Harpagolestes_macrocephalus -8.97925691701533 33.5099127862684 -19.8691617542127 -16.7299000117627 14.9538498932525 -5.71394820689506 3.4440348242537 -9.76698712373543 8.21434006423066 6.3261214545699 0.123848452758458
Helarctos_malayanus 24.1022271049393 -24.1207574247433 -14.0896295290974 -22.9649228894467 16.2766656610204 -0.83270676945792 6.02547767833718 11.0138904422507 -9.4199458463356 -4.36145924910333 5.21559767979649
Hemigalus_derbyanus 25.4376410484189 16.2969313642389 8.29431178578044 -13.8619372226456 9.87356518290949 0.930297078701928 0.127651879746993 3.84695070058424 1.52016848855359 0.245965435934669 -0.341979276325944
Herpestes_javanicus 36.9011562501215 -8.47494260319666 -1.38037975715766 -28.4158889102852 16.2822644771881 3.33066309383607 -8.2702953815995 -9.36623700036205 2.0980516476819 0.778942289126138 0.858715192209195
Hesperogaulus_wilsoni 5.200761098821 -41.8288337377924 10.6628214407414 32.1640886126379 -22.9842209358598 17.4781401993208 7.56127153776966 -1.35752160910211 -5.50674040436777 -8.81911508452203 15.3136214057145
Choeropsis_liberiensis -43.3411040453003 -5.70272903702186 -20.0811006083928 -4.83257274873156 -14.0162552835202 10.8009511119538 -12.9544368942268 -9.87623547642415 3.9802225293334 6.87731358294629 -5.50803723788583
Hipposideros_armiger 23.4803315365251 -8.06500079039008 -21.1976417666286 -45.3890627075385 2.94353741744488 -13.972288342587 19.4962465226258 0.387355601437524 9.43694389462414 -6.03972668652494 -7.85061788040922
Hippotragus_equinus -54.250322255495 19.7310445721328 16.0934566381901 -1.81978956207667 -1.12189872037018 9.59073772151255 -12.6188478869602 -16.3868466604576 4.63933397457355 4.39863487790836 3.55017446160867
Holmesina_occidentalis -40.0290503553272 18.0618733526548 4.48750841989302 3.66221474241453 24.1315067007984 -12.822549248313 9.46180397949576 -9.70642443781972 2.650171606468 7.35940024555719 -7.67141698318714
Homocamelus_caninus -65.6766419005138 35.6694182992888 -2.48156010764566 19.915729564912 6.61768612583066 2.19622480117683 -10.2671012502806 -10.7580481847497 5.71316052898248 0.771901729023763 -3.56089831811753
Homotherium_sp -24.2028182054038 -16.0349364325619 4.95828768592847 -12.1118305251098 -23.7517118494015 -8.53218243693446 12.7475170265018 3.96761442847258 -1.50788210901042 1.12978711618574 3.75511632995404
Hoplophoneus_primaevus 2.13545283036721 -22.676184394509 1.04435086213126 -0.516074116119879 -14.7709578245491 -9.69313895448774 6.506233512755 -0.598209385783094 0.848170293973713 2.86618233510689 3.69385802657979
Hyaena_hyaena 11.8375180979496 0.769711738016194 2.18156779345817 -29.6837194323469 3.90045343282043 -10.8910378030444 5.08995653860987 -0.846740033319608 4.2854255805336 -1.06038101712358 6.34025333044546
Hyaenodon_paucidens 13.2777105378733 -2.71150851954239 -4.91536509105242 31.6625786747809 -0.688875022193431 -2.19027638206943 7.33760825208717 -7.30449594034622 2.17452686717702 3.05476063051927 -0.746935512041727
Hydropotes_inermis -26.1755304325519 0.298052921063279 13.321405156164 -0.320450533429904 -4.47202424996676 8.75541082401452 -15.153286603371 -3.01620145512312 12.7460708250676 5.93731026148569 2.34009086107582
Hylobates_lar -3.93901702140037 -61.2693182238932 -9.77605158768686 -89.4292019951918 -0.37714690023208 13.7150248129396 -17.704513179952 17.6663428911019 7.52534107904092 -8.27110695011009 26.2235490388438
Hyracodon_nebraskensis 6.76745764619044 -10.0700580854236 -21.9900394109594 8.75588182580799 -4.48727007830847 3.99072149356766 10.1310805724128 -9.7611538609833 6.17242915920448 -18.4453262069974 -3.58520984481385
Hystrix_cristata -71.7116577357986 -33.7485766234166 -14.0047402639831 -21.3551845064614 0.820747389691382 -8.21455683241435 -0.363533560025244 -11.9446938332605 -12.5341964314828 17.8146517394947 -28.9868159107613
Ictitherium_viverrinum 2.35299006693025 12.3509994048641 11.9607624415562 -22.3813928727344 7.45359502926103 -2.81973943760297 2.65575740969623 -1.04900213570562 11.0703966607675 2.7334485728407 2.22852489825596
Ictops_dakotensis 1.72160192683612 2.37828280190828 8.03220932532934 18.9893864376779 2.98678178873911 -5.63489952215407 -1.24377456961545 6.01953121059103 -1.06753269763464 -5.24844228439 -3.39087497554685
Indri_indri -2.66933991563478 -22.3512743630979 17.6039441868917 -19.6958451167925 -3.61485068221854 16.4482782401778 -7.19934042888291 -6.02246758878699 -2.9348440085763 3.51608281336046 15.1472163823945
Inia_geoffrensis -67.4695597789458 -13.5550014249906 -45.0509808789232 8.91180483024678 -7.88299122709514 -22.6212349254539 16.9315025007829 24.6300476776123 13.9152366430713 -10.2515014194142 17.4904323629356
Kannabateomys_amblyonyx 18.1256188238503 -0.696948271810438 20.8147393645242 -16.4135722255578 -10.7102314111424 7.90351897276764 16.6332544999645 -6.74678106220634 11.0399869010352 5.70423894249414 1.84597635979759
Kerivoula_minuta 12.0865332793392 -14.4151044645575 -14.3865250359157 39.3196729890249 -7.43050336855904 -9.19382217240801 -20.2935823098095 21.7501383121486 4.76638515612074 -16.4679703538887 1.28424267598547
Kerodon_rupestris -0.195458561893132 2.77321807470348 23.3168747171932 -23.0784696168307 -1.24211868313813 3.17869585030664 13.3508450959706 -6.46292356949509 -3.90742145804544 -5.54863225557139 2.10959684238014
Kobus_ellipsiprymnus -71.7101023849444 18.2365049003935 13.8836777729051 -4.99355844854314 -5.2392198804957 3.29085616321093 -7.22826124788256 -17.2817170563043 2.44289922972237 9.56700864343597 2.97885534831812
Kogia_breviceps -159.582197385905 -107.517759962187 -20.8549031809659 21.9803763914488 12.2560964743085 -40.6469252499097 -30.3375307959705 -2.16129648392977 -5.71687624796648 0.865426838981051 32.3017947223302
Lagenorhynchus_albirostris -115.539138170831 -72.3501424032209 -13.9875391468663 10.6934222402343 18.5330125141103 -33.6950381057359 1.08883969935094 27.8662620514124 0.867381644047922 -3.71215746451517 2.96829920410266
Lasionycteris_noctivagans 12.0400531893476 -10.2010134438008 -18.5885281726239 5.01909883049217 21.8766346565392 15.3023165570349 -13.267948316875 0.284125143028074 8.04027889314822 -4.03636457161234 -10.1510891613454
Leontopithecus_rosalia 25.0594146858508 -53.5659542311406 -5.50630959486645 -72.8072506275173 -19.280968539729 14.893298955363 -7.90598233894445 6.00834601051095 7.57199106509072 -7.87363430537344 11.3549983678897
Lepilemur_microdon -3.01453714446863 -26.791787962397 20.4082705865426 -24.8011619599112 -18.6959421743973 17.8521807549152 -17.3524226138425 7.23845431326851 -0.0683339357411675 6.85332550788719 9.3290475879975
Leptictis_sp 2.58608819705756 10.3925285045701 4.00516752602963 18.1109588463583 -0.986134725194341 -3.62712317725595 -3.917482194916 1.92916547997427 5.95203714742764 -3.78160345273022 -0.0794725911671009
Lepus_californicus -42.5244208651186 17.0030002578573 29.7126558114841 -27.300075919252 -13.039998440973 -5.57618472159543 22.14464582088 -4.80221666816603 -7.04695074472563 5.63853297013558 -4.16380469555962
Lontra_felina 35.211796014428 -6.95388799612094 -18.0523470873879 -25.2819189998816 19.7361081703721 0.74322547200878 2.88722687424351 10.5062584167413 -14.6655758754071 -3.16663020120448 -0.692496613306971
Loris_tardigradus -0.107756427702459 -9.44365930326125 34.2494290453891 -46.7844874588168 -3.80520614274638 27.4363615869107 -15.6695304119025 9.01345353106639 5.02029885067395 11.2221175766755 17.6055669580675
Macrauchenia_sp -76.3248927010114 18.9074040849259 -25.2193498865588 8.35908534652352 5.0272413034612 -5.22198749893217 -3.39565913624439 -2.58573686455358 7.86299166978958 9.52849892422835 -2.56762092956079
Macroeuphractus_sp 0.354089532110787 0.733615331314406 -7.55008883898768 28.3539531690292 1.03607340018302 2.88042910022736 14.0255598051727 -1.42079046307041 7.87814578423473 -6.06895543329299 1.30031220988852
Macroscelides_proboscideus 9.25969003779343 15.9221850697612 -1.17836892503564 11.3827760410734 -9.95852221398811 -5.24019592975026 -13.2929644018768 6.24237475215859 -6.69720120113702 -15.4198173652475 11.8212293364497
Manis_javanica -25.1487683139036 -3.33041348624672 10.8521288007395 -10.2892558082214 16.4051332259402 3.11636624448335 -8.63389361726747 10.1559734801689 0.630596951357816 7.58764169183055 -9.77869725306111
Massoutiera_mzabi -2.98098696663364 -0.278947486747107 8.51554478393009 1.50739243242147 -20.3033586064404 0.15528526304502 -3.97972619652836 -5.03179704511694 -11.3199936234232 -15.812198844796 9.5414749030269
Megaladapis_edwardsi -6.07208085336185 3.77538261788405 -15.7299954524653 37.3976853963581 17.4257359240864 -5.64903379046974 8.51016322872926 -6.82375419532853 7.84441926554332 9.64623365988916 3.50364768253972
Megaptera_novaeangliae -77.0377243020663 -50.2141511943545 11.7692330314455 79.7558511009694 21.1703237597909 3.49523338625876 -12.1175007256578 -8.4244922759572 4.17553509473427 13.2386355593832 8.97405023242877
Megatherium_americanum -22.5988254511352 2.60589730865029 -33.39748938518 -5.48978437514015 -3.56232895784063 -9.64399858269247 2.73163854302725 -10.24846966198 -7.66903660862436 -9.41091021345578 4.99791082093893
Mephitis_mephitis 0.0225192142248708 -6.54351476727911 -11.2267994251878 -27.1190329353399 5.367220508888 -1.26853580185651 0.936505650633757 -3.22995589176139 -3.27068004667636 -3.66476691520121 -8.27655634557487
Merycochoerus_proprius -53.1800467840359 -5.78327599611235 -11.3759964745155 6.52855461842981 -7.45597333429541 -0.0957977168831778 -5.8887173063625 1.76300220971937 -0.0426950275710576 5.92604651177766 3.66789119823387
Mesocyon_coryphaeus 20.0498014690228 14.7577378113386 -11.7474111563763 3.57263797026919 3.08307647667898 -7.09709836563841 5.44192815617437 -2.79862563804738 5.62587888712545 2.76120851651674 1.08434719171851
Mesohippus_meteulophus -36.4437817195132 39.0536618961834 -1.93504620510322 -4.18600026383826 1.91351948485921 -1.91471856164817 -1.72971714886261 -7.35207676442346 2.46521347429501 -8.99513272204056 0.0488880097848782
Mesoplodon_europaeus -111.454855874369 -52.9088558703901 -8.63867734730811 18.8311294560146 12.8161741745485 -32.0425659664132 6.24175626177606 18.1041741037715 4.14055975904069 -2.76351977990255 15.887194693794
Metarhinus_fluviatilis -17.9389284974388 -10.026919352394 -28.1845197021792 24.7110520763674 20.8117329453454 9.3546890367967 13.125804473124 -8.96206787765376 1.38205515784147 1.35729688509715 -12.5090527254575
Micropteropus_pusillus 17.7097397753584 4.14389590383241 10.3301382624439 -20.7786161818164 -11.2605130073515 6.18154802342728 -18.525196021556 -7.37411775061182 -4.17761999051267 1.31363414583332 -2.96246622742932
Miniochoerus_gracilis -1.6228471436567 -5.85741537898042 0.0642490802981634 -5.39070520634518 15.2058149677865 11.0482918540313 -5.94398095981512 -16.7067979232247 15.7415392529671 -0.895955863885642 -9.00808862046864
Miniopterus_australis -11.189692435993 -24.6723053274063 -19.4177090091598 -26.5110903446043 25.9995246396462 -15.1486544416845 -22.3605622343968 34.3337876730309 16.0900385914881 -19.8993515711288 -9.11418847964001
Miolabis_fricki -57.5429396362712 33.957030811313 4.09648128772401 21.6115100817126 10.7054190451042 5.16924131605031 -10.5278222437133 -8.35285248716542 7.88455433254717 1.52777918294891 -5.32790757788747
Moeritherium_andrewsi 70.2941429623521 -14.9371516332082 -20.9085344219574 12.2889641219045 9.03771938860784 0.985981797859721 9.27846066682854 -5.26050600431774 -3.45255840656108 10.9633198676194 -2.57992079792796
Molossus_rufus 31.4901717829988 -25.8334194835214 2.26788673305119 -6.73898686215576 -0.556024731793463 -23.7732259538122 -8.35883492825816 10.2782015728138 17.2812120625675 0.243277821293635 1.25211812395068
Monachus_monachus 23.3196542069153 27.4296373086416 -16.6824750012167 -21.4724282356242 10.3092287650481 -14.5053709946176 -8.17201969079293 -0.951698932154498 -8.37644696463047 2.92878559922626 0.611493455667609
Mops_thersites 16.5908640508994 -14.3731160407873 -23.8724187235463 -13.4763624564482 13.4080336630074 -3.95591184003425 -14.719331306736 3.56623524430723 9.01093220162349 -10.1147791607945 -10.9873389762017
Moropus_elatus -23.7484728899517 2.94185141644321 -12.7718395974769 23.3453495653392 14.4814888017567 4.20657418163917 13.7385128588781 -11.9209302950935 4.76632426900364 2.35022091215357 -4.23246052960063
Moschus_moschiferus -55.3914622066649 11.3520131095274 12.69721023561 5.41407728537241 13.1409032194575 13.3647317761495 -8.65711862183161 2.31356779681724 7.19767063423427 5.3196222762625 -0.725924844632337
Muntiacus_muntjak -22.4276536252408 11.826211132068 33.1544463301252 -15.0354470568675 3.6279358884116 6.82827684176043 -10.2003238028966 -7.08262929386261 -1.71160743254898 3.38610780257753 -2.01064829550196
Myocastor_coypus -14.1555473887049 -2.42092640778795 10.7305975472452 -13.624530181943 -9.12961365502752 7.54651728952714 19.0887882385574 -9.03196494920157 2.18749471460259 3.17220946691867 -6.27496370039873
Myodes_gapperi 40.0144873601138 -5.97233869944458 -10.1546431561032 -31.0165814914521 -15.3220334152082 5.83131175067531 9.57898908375273 0.147582531367114 4.84147263362241 -11.3616321474069 -1.38476422288318
Myospalax_psilurus 15.3056565017932 -9.54505595346336 15.5762892385121 -19.7597273417907 -12.6479714948546 -8.81598972774583 15.1899975050689 2.72938204065896 -3.99214756402833 -6.51501121010634 12.4616671625192
Myotis_vivesi 28.4026571684725 -7.83159879937643 -3.99226814706091 10.6560522909781 29.3540340642809 10.1675794580262 -12.0182863692118 9.51487655934707 10.4920393266234 -16.5461748822568 -4.722436089397
Mystacina_tuberculata -8.03275589952679 -24.0440056479454 -9.81173062705083 14.1394378641711 -8.60325817353585 -7.20165795140873 -8.04950980185429 27.8869746063308 5.34217653728205 -20.8086896894378 -4.80630630221265
Myzopoda_aurita -13.8611226123915 -30.7733752747876 -32.4604967040909 -16.6207209273477 18.5699454903405 -14.801949807794 -21.670582992474 28.109138580497 -1.95075299029185 -18.6320490342274 -2.53523731312837
Nandinia_binotata 12.4164357232116 12.1658739980461 -11.2986372160228 -22.8947330106971 6.23648627680623 -1.48125215860361 -3.46349357980166 2.83530820164764 -3.8343419614555 -4.03524278200358 2.09320016711813
Natalus_major 4.35056561274444 -5.10734006710611 -21.5373800364855 25.3740357274998 9.98795029674852 -19.5334430774736 -24.4475795388682 32.135151515572 10.3862575920638 -12.9285103229563 -8.54985262711209
Neofelis_nebulosa 7.53773774023771 -3.96898630727093 2.48460303794172 -37.356859674078 -17.673279702331 -10.2557984283039 1.59233700845166 -2.10876916222511 -11.9383029574153 0.197093378192888 11.372420643869
Neohipparion_affine -77.5656669218188 20.8664949868848 -18.3641419761393 34.5271806223742 -6.80576272863557 1.00006026647827 -10.8466687290897 -5.92482280906862 13.4212888702902 -2.87147268510465 -3.7053489544145
Neoparadoxia_cecilialina -16.0485160818172 -32.4902205410649 -19.7493856083153 16.438693622452 -5.33997012474264 39.1766103743083 17.7590014837749 -15.1335023814979 -19.1806415875484 -3.70025321155364 12.9024815484613
Neoreomys_australis -11.2617784106886 -11.2645196815289 18.8191133277065 -5.25140106878808 -14.7272032718788 3.97484648353656 11.4183355076399 -1.99356180347468 9.27156712388068 5.24342613394974 -2.69954853364748
Neoromicia_nana 1.32946730255892 -28.318706020623 -31.6414148506676 -1.67515385068173 15.0920130922315 3.88663760459385 -16.5682250406753 23.8176698339071 6.44596968989195 -4.90397826935572 -20.073208454248
Neotherium_mirum 25.9022811973281 33.546613984735 -24.1996744183517 -14.952197431028 27.1377808922287 -8.82072448692229 -8.1571718255104 -4.9882115150049 -0.977356604152001 -6.08421504549911 1.86193855263383
Neotoma_albigula 20.7531477376917 10.6592960678477 -5.02897177852833 -31.2474687468974 -14.3814080493804 3.8731996700138 9.57763791472633 -0.410957071509599 -0.64913861879957 2.43241215329191 -0.480175232635707
Nesomys_rufus 12.9982828436052 -3.08521595638345 12.5722334869483 -36.2212551216794 -6.09647204222264 3.48949530858305 15.7113540912753 1.84914166135123 -5.8077031516542 -4.45496301720976 -1.65860881766403
Noctilio_albiventris 26.4051657912126 -66.74756838565 -30.8471620901671 18.2510728223936 13.7497682227222 -17.3262628949814 -2.86167356369487 14.126433906568 8.84262392615983 -5.05339122841988 -4.37553583939727
Nothrotheriops_sp 2.0260438637946 -3.43964642761823 -20.2428725933801 -8.43990861552942 24.8156679089038 -6.76959494685354 11.70331046275 -8.10669447876135 -7.01811318101022 3.80282764167019 -4.15628793498609
Notostylops_pendens 1.42604335482329 4.01513154941665 -32.0321503613971 10.7796047371453 -5.96192114725066 7.60930920831798 14.8274205337403 -16.4339757313669 -3.43250208502635 -5.56749009922512 -0.360968834834037
Nycteris_tragata 7.414551121404 -5.37033613925242 1.94837378063786 -30.5605463260401 -21.881236430349 34.1630032179989 10.465285917155 18.6699120139838 9.63187771663987 -5.39013015345983 -17.8155264008417
Ochotona_pallasi 8.06854243820531 19.3172570341105 10.287732373565 -29.3875824114684 -12.5772989189428 1.0430898764266 2.85418009766305 1.66947002272017 -3.19779688898871 7.93637781951989 -3.95252883428582
Odobenocetops_peruvianus -17.6772019867714 -80.4760984528118 -111.844132863664 0.0789933121921591 19.9016892504072 -36.3697259037295 -18.7869162077688 14.1694297900609 1.15825454069155 14.9836440350074 13.2196779179601
Odobenus_rosmarus -1.55116287137042 -20.6946796720865 -23.5736060716418 -23.7615868720499 -15.8607615145857 -12.8554928426703 8.32333007582662 -16.9402661063983 -10.6690876575619 -4.65770762447243 1.32445192531265
Onychomys_leucogaster 13.7009904815096 -2.25786921577865 -5.17934914599709 -37.6928127182084 -14.5955294811243 4.03806365113208 4.33167804925568 4.88114471107031 -5.78413557992356 -4.17835109168748 -4.92275389464648
Oodectes_sp 7.34247468730664 10.5012135410802 -12.1247779991131 5.53541736234232 -0.453116896782963 6.42692429534583 0.381527824509322 -0.886405871062927 -0.567348281069155 2.16750926371775 -1.05264414252282
Orycteropus_afer -27.790388417097 22.9096829566599 18.0816282350108 30.6814703350042 5.52881542122149 0.770676056445326 -11.3737642179561 -8.48868217976747 -0.645849111229892 -0.953992093123534 -14.8841454428445
Oryctolagus_cuniculus -36.795826839996 33.9792665301058 17.9130034833905 -28.4571208371286 -24.5712802673726 -6.80982247706318 16.9706510770545 -14.4393777026823 -1.50105493928202 2.38869718643699 1.13594825229814
Osbornodon_fricki -4.63673040638544 1.18044174372874 -11.353536451631 -3.40917473420979 4.89591045723105 -11.4541823186338 7.59744563450966 2.5819157955548 2.51678478352287 4.67114335179815 -1.31443402694392
Otolemur_crassicaudatus -17.249961761101 -14.3307422869276 12.7264577460196 -26.0689258800928 -13.0993286632028 18.2723931375826 -12.3842835020475 3.48168998007942 12.2649478069015 7.36834599759014 14.2712181243101
Otomys_angoniensis 20.5348701088233 10.6891995008546 -12.0981267512742 -32.1413978436855 -29.0753800242172 -8.21657146032733 14.6352597110936 1.41514769229974 -8.50417501101009 -1.12665932816481 7.43004603702052
Paedotherium_chapadmalensis -51.5527886628128 7.80349039653222 31.1505440651621 -4.35724384305867 -6.32439597119815 14.4586947577426 -1.71273854777487 -9.87441553567371 -7.31316805901865 5.7633502255664 4.82839467194548
Pakicetus_attocki 18.4123764013254 62.3226458452032 21.5344951506184 5.12426173139582 -6.61637008049732 -9.59742069348426 -5.46729841503547 -15.8358589051809 5.1214367705064 1.23065528823222 1.69506106722844
Palaeocastor_fossor 45.1620532832587 -37.5785035131197 -11.9409821920053 14.0850694920593 -33.0168109921663 2.86514058769371 13.0098798012299 -13.7512758276005 5.85104749354208 -19.4307427263982 0.497414973042832
Palaeoprionodon_lamandini 25.441282440053 10.1429165352705 -2.19006937266106 -14.337389995612 4.39243532854948 -0.267579258106769 -5.95319264262114 -0.584001768427004 -4.3377261780987 1.31463962696967 0.426019248941794
Palaeopropithecus_maximus -1.03805678931713 19.5074648967637 -12.4646418345446 -17.8813395928692 18.2984145384638 11.9073861031982 -2.05589436073882 -7.11154890324066 3.83834308532564 -3.91176912030844 7.87313344826239
Pan_troglodytes -17.7465125760216 -53.3545609725633 -1.44680265648874 -71.0370419919824 -9.68228758852153 0.745650275141722 -9.21037303393609 13.5963393404067 -6.06778556682171 -5.44485808520135 32.0651344375127
Papio_hamadryas -40.7795429205729 -15.1386746159108 -16.0683974939223 -66.2290490945549 -38.3213552666824 -6.38819397108278 -20.5307014112506 -5.6298691560542 -3.33100863428063 -7.7408743851653 24.7503433695058
Castoroides_kansensis 24.7055095404489 -18.2392328925662 -4.54026878528023 -4.47610138487747 -26.054742140319 -2.01812279772792 21.3557385034046 -14.3226355615054 -3.12227513425024 -3.14979626055204 2.77887579471329
Paraceratherium_sp 12.3278538746449 -26.0963459954165 -16.1804525172891 6.00194391351333 10.301735314456 -15.0706069421396 13.0934113512615 -0.866984465092308 21.7011731674645 -3.97779974306325 0.0781529696865892
Paradoxurus_hermaphroditus 21.4555919459096 22.5391844312185 7.80285474922933 -24.905346954535 26.5718877341282 1.8810198034073 4.76851178851649 -0.116832445963162 -8.69537989524808 -1.63235922654661 0.779580663654732
Parahippus_tyleri -20.9147840921244 29.8315205718793 23.5752387262476 -8.87878044547886 11.9344394856083 -11.5231160371988 1.45308710674764 -9.0868176528562 22.3166080202726 -3.94949138959109 2.78961143340005
Pedetes_capensis -31.9574256395341 -34.952648291758 33.326865820248 -28.5011127440407 -10.7796104996547 0.0911049776611357 31.6935078750289 -6.90059800196412 -11.8686826008278 -2.44370281789022 -2.01819654101208
Petromus_typicus 3.32832014179913 -3.47357971960207 17.3949566647441 -1.41684070239114 -5.33958698761043 18.39715524145 5.74125078693166 1.60584830558638 0.160266303388702 -6.32863848996393 3.94532049803661
Petromyscus_shortridgei 33.6394780910668 -3.37783609381741 -11.9676618151186 -32.1048982460447 -3.89298961037202 5.26089324236947 11.45269976437 2.82408116911871 0.808716288281043 -14.0388755489197 2.78519466550106
Phenacocoelus_stouti -30.9674656986302 10.6279004849882 -13.9314390917774 19.4604320793959 15.8877592284657 20.7439624818855 -18.697733389938 -9.08932014262231 6.25055197366793 8.73304746713468 0.0320092506988658
Phocoena_phocoena -103.149010507729 -66.3371167437777 -11.4206270189176 9.32848245818239 21.1091408332966 -28.1057819415189 6.73485120619651 30.7649730935616 0.74926376994178 -11.1015271324009 14.180804294025
Physeter_macrocephalus -130.856628452798 -54.2614415443278 -61.9240621379832 28.1496713502288 10.5029036589185 -5.05389096854261 -21.0384708542047 20.3479616836723 -10.0825360922186 -14.8571330820861 13.8236859605028
Pipistrellus_hesperidus 11.4864465727209 -29.456201393885 -35.5073746242708 1.56710167444669 7.88974299384521 4.87918908326257 -8.15734099981005 17.437676880365 12.7753789328943 -3.87081246962992 -14.5033015011627
Platanista_gangetica -69.0103745310367 -21.1670764088697 -74.7537055307889 27.301487215497 6.19539295994412 -28.4120589577187 -11.0730318503595 5.31393074715943 12.3054411346784 -13.4757299551351 10.2731093075211
Platygonus_compressus -98.8192447467506 34.6039294905743 13.8497138816746 -10.7144385167993 -5.34852538523802 -3.37789001681078 -1.74194889386626 -6.90036422186877 9.0248782613398 4.72650731503601 5.3702323072657
Plesictis_lemanensis 25.4500258225873 8.20107835554704 -4.81147375560001 -21.4964766891387 20.1389567560017 -0.908930437412066 -4.44921888251931 -8.28338903876246 -10.0761662502561 -5.4245972816748 3.04896926803371
Pleurolestodon_aequidens -0.591584923984805 -2.43546856449917 -19.8964362723125 -6.86398667437023 27.597060544898 -12.4318928100774 1.48387663789612 2.99282500740297 -11.2257313765812 -0.928956423482494 2.18283903382194
Poebrotherium_sp -39.3328303809415 19.8928817089195 13.8090392365644 7.65972279216637 16.0843282585912 16.0608291118098 -11.9359928640796 -8.65469595405372 6.61987869990979 -6.53178720809163 2.74444835048181
Pongo_pygmaeus -31.6071418494534 -38.9307783088855 -12.8124653020755 -62.7088655359741 -29.3817910030768 -15.3635305513633 -20.9468782133464 18.6614249822838 0.787108727155594 -6.86658628002921 22.6607290607733
Pontoporia_blainvillei -96.3770606818612 20.5361439542877 -50.7698254870493 8.67004355250818 -8.07038603499175 -23.1237530065646 -2.69857443022597 15.6206956847975 -1.45636977582839 -11.4196309078954 15.9159510935304
Potamogale_velox 5.4776137131553 29.5868815259552 3.29339169008025 30.6730216805834 -10.8487501936539 -5.72161314908582 -15.8671410853504 6.80296200342674 2.85491694707655 -0.0293384123847688 5.81485038463308
Potamotherium_valetoni 54.6741444268609 -5.42677910528432 -23.3520549942953 -13.4098680071871 8.7138088687303 -4.84413604485558 6.36792643058744 3.51917751264147 -9.64625041820149 -2.7242075219578 8.46117888594176
Potos_flavus 25.0623375390215 -22.9445228959991 -1.07567741799982 -60.9290853399652 13.1440003984871 4.60593613047815 -2.02243501049518 4.06776574581765 -6.46371993050475 -11.0032252243637 4.92803761111362
Prionodon_pardicolor 29.830881839526 5.15385796099393 0.709436446733035 -12.1665775844914 -4.31472516264937 -6.85305592892728 1.97855394629674 14.2647344595365 -1.17460302270954 0.111772897286278 7.48468615940006
Procavia_capensis 28.0751215749875 -21.9494221952963 -3.3916945704249 -22.8789826316466 6.91778248529823 13.2495226073361 -17.3751301635363 -13.0365758446698 -12.9447654781121 1.40481963428567 -5.08138379238437
Prodeinotherium_hobleyi 4.54144270066557 -74.8102110382361 0.519782233507433 21.383197586433 14.2973273686836 4.9786301823088 18.094492745162 -11.0877440345654 -12.7857702783424 6.68932367803851 -13.933980697145
Proechimys_cuvieri 12.8999648828398 -16.6092501221937 -10.1975408932454 -29.9759266417766 14.3594070923124 9.14884974026252 20.3758873192153 1.41658210943883 -9.07570492756746 -2.16626128562469 4.10222697658911
Proneotherium_repenningi 17.5481590145062 25.976304257371 -28.5294541561795 -31.4065884539946 19.933452039594 -12.3568935495675 -4.48906400478256 -5.65617507926942 -6.63672038515711 -6.61935011992966 -2.32805831487825
Propalaehoplophorus_australis 12.7216886797333 -8.48561117379519 7.85988808314449 -4.22354766919415 10.261391137578 5.18056710163509 6.37183026404185 -25.6715117142372 -2.92668031948962 -11.5983589252727 2.01099659806108
Proteles_cristata -8.10021459300931 -2.77225785304491 11.9763984353194 -12.4138503258355 -5.00681888048362 9.54609882329621 -0.881954623134503 -3.33152186436555 9.68096978505322 1.23548668336238 5.91785897619879
Protosiren_sp -1.36678359583434 -42.7759294348205 -44.3285319838121 -3.05555338564741 -2.3538866018712 2.94682732038766 9.80546883796984 -1.52938631240397 -6.8382041015571 12.3897380324937 -5.90489705658537
Protypotherium_attenuatum 21.8679439320314 -10.478335895546 22.1519077634623 11.9309106251434 -17.5486246880027 9.09467611174983 9.69139455960731 -14.3206788845814 6.11996563018077 -6.23203065978821 -1.3762850805459
Pseudorca_crassidens -95.0282036929821 -65.806262378785 -34.2552500872271 13.8307136320958 9.27964733685584 -5.21451560676519 10.9922647678019 21.1154307375899 13.7512756997275 -1.52080106551995 1.02594216311757
Pterodon_dasyuroides 36.6716777413938 9.90089804446059 6.46818092721254 19.2122911963895 1.61614716156328 -11.9458026661756 9.06845954515845 -6.32957553770806 3.09485837628973 1.94937259267821 1.59008214933744
Pteronarctos_goedertae 29.5285201436198 19.3633483440761 -25.1100388179317 4.69959125828973 2.17016808654865 -6.00332311144494 1.11805639290182 -5.60889686331839 3.41273958453306 -2.03355597050725 1.08373930895997
Pteropus_niger 15.3577078274113 4.35042620183651 -2.56819652470171 -7.13565998201894 -35.9624586792466 1.9096134779478 1.85027709799183 0.556128792894185 6.39665585921051 4.61771937338499 3.0537443425009
Ptilocercus_lowii 13.0280905747326 -3.74073430806124 10.0412982401635 -1.58484869134904 7.52263039986702 7.76066262009189 -4.99305274404888 4.05314335583413 -6.29561293402373 3.0356997599892 1.97185085922687
Puelia_coarctatus 5.87547405986526 14.5297932712702 4.95512520221452 6.67536040491965 4.34574537068077 2.7761907106924 2.92922037311194 -12.6468999777614 4.3193113220725 3.55451971810337 -8.44460237192978
Puma_concolor -6.2427111216995 -7.72608242861443 6.8413939974729 -35.2199707156381 -19.6370566213164 -4.08343994080956 0.796030888879677 -11.4139141695294 -5.56651409807643 3.86645352906194 7.86467568645654
Ratufa_affinis 1.98913548353185 -47.5642252392179 26.0696911748694 -21.680473568154 -2.60453528442392 21.3954087460023 6.33536879619331 -19.8242182908872 -2.13321111287071 8.73979259565892 -2.78091356449016
Reithrodontomys_megalotis 16.8634655074099 2.94738190387663 -10.2740765075518 -34.3079088760668 -23.5710221577141 1.63079838088928 5.30005037307866 5.2359903799419 -2.07896431929001 -3.70403135435663 -2.19805337782132
Rhinolophus_acuminatus 1.96696651797441 12.4623328301101 -24.7412265521548 -17.4265952274377 -12.003041542446 -19.2196569896952 9.55404505964896 21.2354167642856 14.837082634063 5.47381327801409 -11.6486254436537
Rhinonicteris_aurantia 0.0166889860933924 3.61197281457863 -25.6644218454571 -19.0271836617504 2.00376776514903 -15.6244434346482 -9.96325161454517 25.3733759124807 15.07582141851 -13.807175110187 -9.32505040772886
Rhinopoma_hardwickii 9.98390114995543 -1.82314812337387 -21.8408123063915 -27.6224445906426 2.70671165150279 -4.94909304063162 -6.40014974692295 15.7421712065297 -2.28205369711181 -9.12663257558555 -12.4685945093746
Rhizomys_sinensis 28.3502358935083 -19.0222659841937 -17.3639262100003 -25.0073911770759 -40.6871485370877 3.06940238771467 26.5736368167169 -9.31443110027706 8.62941180626333 -13.0639941909327 -0.378027241573308
Rhynchocyon_petersi -60.9398039913981 16.8503086477877 70.7597953008321 10.5916877737098 18.5148663168387 17.5487135908194 -15.3469123902833 -7.83807824617844 1.0142419954723 13.9813371808496 0.449712184065773
Saccolaimus_saccolaimus 3.61688128382838 -34.6860633908759 -53.431303943986 -8.15175552413949 6.26286633737886 0.0722310953648318 0.343541803334524 -4.49706593232573 -3.65155124682995 -10.3393766476884 -16.2030633899443
Saiga_tatarica -104.414436208209 -3.18727060680116 -12.765009699486 2.1640538570872 -4.90630481152442 -4.15070310627722 -4.05083375584417 -16.1822377102076 -6.48239824770717 13.0496229247522 3.24951915574615
Saimiri_sciureus 1.52446198705403 -63.9158370021938 -10.8153532250706 -106.870309914666 -27.4362008852485 4.58769925769805 -27.8121929498924 27.4352322450486 24.5475906018514 -14.6195582050379 10.3919145016549
Scalopus_aquaticus 12.7432316647876 -5.92394808968498 0.836989969210557 30.5929294605785 -5.8440471919027 2.5105524324104 -7.92357889862483 5.91202710444676 5.86207701534327 -9.65078842776286 -1.46859831309091
Scelidotherium_sp -15.1315934590559 29.6710959080816 -24.499343934839 -7.95044474347967 21.5856378855735 -10.0267564443181 10.7005623791822 -10.1326757865629 -13.3249723335284 1.70895432997626 11.3086294692942
Schizodelphis_morckhoviensis -92.8166456090333 27.7461066008951 -31.1406771281523 36.1316325633316 4.97852008570797 -16.8185311317841 -5.35942665506946 18.7663061753681 -0.422360721834895 -2.81584324937369 9.24792379371981
Sigmodon_leucotis 18.8589776946442 3.0318082627368 -9.87495921756643 -43.7390034563337 -14.8692553512929 -0.0169543747133686 12.8127013220942 -1.20108261492486 -0.746649334675917 -13.3160869475554 5.6295815461505
Sinorhinus_cornutus 11.8757402814241 -5.7815088390525 -19.3962210241115 7.16242172289937 13.0149871022252 -2.93189258850541 14.9215658713478 -6.57446459403162 3.14625460616303 0.786343898075309 -2.25908466344669
Smilodon_sp -30.6307796106193 -7.4759736898433 -13.0832866601787 -16.8184949765116 -17.0768308786399 -19.4149232110119 4.95195366990885 -15.8335903335312 -0.226562458600284 -4.02574356486076 0.25510466422401
Solenodon_paradoxus -6.63565990570874 22.9994477592373 -15.3584248669334 21.1876502109877 3.38209907200913 -8.0811261436534 -3.63854767470144 6.05319373639306 -13.8214510594299 9.08997894202525 -9.16417093409208
Sorex_monticolus -3.90655917836521 -7.91472128945681 -10.1196351630248 59.6444192376123 1.4404215156324 -13.9094645506033 -19.698274727504 16.0124743039437 -3.2446874891854 -3.44024210020398 6.12647541622671
Spalax_leucodon 5.95644423063352 -8.50598218126293 0.939837281264435 -22.4085758014499 -18.1327009818549 -11.5556499492642 17.0804644384186 2.4389602678981 6.70685668462015 7.00160104952973 7.48774709504764
Coendou_spinosus 10.654172826585 -40.3788452836104 -2.97385604549126 -31.1819712702647 -8.80274662136159 12.8057323454953 16.6511241813597 8.13861711630078 -7.75008916159073 5.95409849715422 -9.80105629512327
Stegotherium_tesselatum -40.0449996618854 55.8914646969226 26.4217160604377 27.6116259966836 16.4720665510671 -4.1793366584119 -9.75900645230312 3.29206625549608 5.59350116526818 -1.74466459784672 -0.113621478666002
Steno_bredanensis -96.0178602731146 -31.1754782563181 -23.3567870567723 8.64941617813183 -13.0428322656548 -16.1676444686136 6.28814769475988 25.1841368261958 4.08811456667199 -1.77175455353565 3.06202940617393
Stenopsochoerus_sternbergi -1.38878685587684 -1.07318531575711 10.9952281991907 7.17469888726336 11.0492040869544 1.3146557249392 -3.29173388383251 -20.2447606959734 11.070178613204 6.59986898805954 -6.43984500236482
Stromeriella_franconica 26.4423662463068 -2.62557969310479 -4.20714401101802 -25.0458779199647 8.84017317395376 -1.64231947764751 -1.73932552055663 -8.6283680422638 -3.78842141216957 -7.17252365031383 -0.183187206348785
Sus_scrofa -62.8518322384821 31.8273063374815 27.9983068016857 3.93911922275317 2.72727486700155 8.54361669098659 -14.4031721532314 2.07975117883639 4.4170836413242 -1.06864815925782 -0.458270418076005
Syndyoceras_cooki -103.064932662064 22.0622604873074 -1.89466436487856 34.8485403848286 17.7236161774216 17.967230972327 -8.30035372853751 -14.3525342325053 13.6663193365733 1.78636579690213 8.61574496734537
Tachyoryctes_splendens 26.542482525906 -11.1563279857488 -21.0082133010921 -18.5365244964006 -40.5298630155797 -11.3312538434096 23.5413304846179 6.8373382424544 12.7480359122238 -3.76611901919182 8.75779165745933
Tadarida_brasiliensis 11.3487726395996 -17.7709548551905 -39.2853017584195 -20.0269845815023 22.632744843369 0.310327041108955 2.95824166963313 17.1351801406539 -4.45719465041478 -2.76087972952391 -11.3535566253341
Talpa_occidentalis 21.9717341808969 1.09813424359696 12.4714604049883 22.3060438348863 4.3000814545111 7.07915627616127 -3.22611463800242 14.8141308792088 4.34943455517855 8.89953707702151 -2.15815916066277
Tamandua_tetradactyla 4.73852986504052 22.8234994299494 11.0180952169651 3.75741991324225 4.04767858845795 -7.97964349032483 -6.91171919897153 -1.56328768018514 1.83426899199306 -13.5208727752379 -5.22359443095885
Tamias_striatus 22.2027987230101 -17.6806595050841 22.9885281769271 -25.5193648882265 -3.48061994865024 15.2805878999488 9.24090230972002 -0.803551535589515 6.32398116891277 -5.08235687751734 -0.923574846139393
Tamiasciurus_douglasii 16.878109078481 -28.5795580331772 30.3111083901752 -40.6967290763848 -5.99321551579628 18.3168047770412 15.2195512671252 -3.58247927264437 5.22965088307388 -8.16096035768502 -1.82318501443706
Tapirus_terrestris -18.5191076692341 -5.15901452944298 -27.9265072303181 -1.0978649279256 2.95377643019582 -30.2016734484795 -0.910801051627715 16.2288265955147 8.51396717398855 8.05800321188764 -9.58219993423007
Tarsius_tarsier -40.6950510488176 -38.5305951695832 30.9191901290807 -74.9902061723627 0.862754699441152 31.2314900327531 -24.6614324962698 -0.443906625519675 -6.7365547476722 18.5860709707826 33.2228340808339
Taxidea_taxus 31.1370831427466 -3.9906056001706 13.0188863226356 -10.1676660330454 11.1191498590697 -3.02641703959873 1.25615789297511 2.34207954678394 -9.43612210949073 -2.54455936809434 8.40443339473041
Tayassu_pecari -62.4026274403422 13.906140178735 9.18044019768376 1.65622766565276 -17.635702407355 -15.7618106206309 -8.60873807930557 6.00741061257422 -9.87385639726665 11.5474360262556 -10.5435829283481
Teleoceras_medicornutus 23.7284355406631 -16.7630496058492 -10.6755210196471 -0.643381564124092 0.292280691259768 -8.14300288658511 8.41355688342014 -12.8444496352768 -4.13444059508906 -2.4512435957316 -7.92909545659082
Tenrec_ecaudatus 17.4384756358185 16.7764349931668 3.20938475825169 21.701828458834 0.39094139274301 -17.3268695960956 -19.9839519976966 3.53965675977063 25.5208576632258 -12.0108114697233 -1.90492573332868
Tetracerus_quadricornis -39.2696862323826 0.238400584955224 27.0739325801174 -11.1323613093697 14.2062419521117 -2.12796183770619 -10.429137677851 -27.9877757478674 0.79711379849748 3.22454360634916 4.30804265299072
Thalassocnus_sp 17.7652637790229 3.02858526290629 -12.1863049926372 -9.76022838538077 29.4599211200875 -3.92686383687985 10.2477677779013 -10.304951784467 -6.31218366369988 2.22278826157261 0.599550465398234
Thoatherium_minisculum -23.6779381944403 -1.10989441589252 -1.10671746257793 0.140765780044389 4.42239279094925 16.9727964719612 -9.22881710159934 -9.83427640459242 11.995920364412 10.1912098071563 -9.93533626613731
Thomomys_talpoides 23.6383844929239 2.27472567134434 23.6906146731112 -16.8181355383191 -18.875326923873 -3.55060787874532 -2.703905263199 -12.7122879737423 8.44064611293991 -11.8709007794107 2.6455102174304
Thryonomys_swinderianus -32.9235439202084 -19.9755969742476 31.6190032356806 -12.0144310905629 -20.9286498775689 2.35323647867576 7.15692484314876 -11.9599017623895 0.424736887460963 3.14861878321093 -1.58183592672319
Thyroptera_tricolor 37.3366112694886 -21.1315730906503 -24.2253353216848 24.7790186267434 -14.2389913242983 -10.512935679394 -8.06312406788768 22.4356462602591 4.76583935011442 -5.44992049876887 -9.20942707848523
Tolypeutes_tricinctus -8.10208306044059 -3.20827658399063 41.0823585189273 1.03557751182876 16.0768524661062 -6.45247023175093 9.47872320773994 4.98151182051289 -10.8264861790731 -2.22641350387235 6.2591132553057
Tomopeas_ravus -5.85003565373866 -14.3922357528534 -33.9552110511919 31.2549272467634 -8.30953125608298 -6.61874490594631 -16.4208121704761 23.7587605046898 0.767355033819521 -11.8257403512896 -1.49360516285752
Tragelaphus_scriptus -43.1161274397588 6.07886359671115 16.8644589894293 -4.504571635621 2.36673290184729 -0.305854197032034 -8.75870751937699 -2.70795740146781 0.660576651207996 8.48149003456538 5.76737152190039
Tragulus_javanicus -21.2816574436752 -8.46990080895926 48.2709925182664 -3.02740331366492 6.65232658131347 5.03975075738226 -9.63766465771865 -7.28844357649477 -2.45211467818296 12.3454321091501 5.71486879143283
Trichechus_senegalensis 14.0889274624356 -21.7949119547565 -64.6284662832579 -19.7822806779374 11.2286537150042 5.41839102849982 9.69788464874431 -5.59601777202646 -0.346366456128944 2.00551616128429 5.5403527203916
Trogosus_grangeri 6.87798274179959 -29.2435983729073 -19.6735670365766 21.1592265212148 -1.11987599453343 -14.3996139290536 -0.457546894482204 5.25232327790695 1.26130208514723 0.565811626374187 -6.78524962396225
Tupaia_glis -11.2368583588873 -17.3868744630511 43.6627801064405 10.059925150516 8.07089427311524 12.2431175488138 -9.46286361258214 2.28479406778694 -2.80503082261612 15.5368736318355 0.533158848776383
Tursiops_truncatus -107.472252288673 -59.4455986030946 -12.0779779908293 20.2634794212771 0.80615694244587 -21.663701393298 -1.99928678588996 20.0327429185932 10.095473443532 2.34575798470041 8.59338904523836
Tylomys_nudicaudus 21.808915484871 4.93235084267071 10.1700292518808 -12.2203250716451 -9.15095494690013 15.3260031376544 0.0998345979208268 -6.01197981210848 -4.23014986664785 -4.81837223136968 9.96607568791647
Tympanoctomys_barrerae 5.38037081351236 -3.50125100818856 4.85950761530492 -24.8342345408746 -10.3642001794512 7.02654188550072 9.21805462683056 2.89756765976331 1.98680683229904 -4.62997622738905 11.4177582991641
Uintatherium_anceps -13.3537430899413 11.1404053956021 -46.9462081546984 28.5409516354679 -0.507726507732535 19.5154895649768 -9.15945634402711 -7.23751811624386 -7.92039583244801 -10.3852726359005 -2.17428723787078
Ictidomys_tridecemlineatus 20.1653686420859 -10.3678035047948 36.8553022807671 -44.781836832966 -5.35959578277643 10.0676751442909 5.49870459343277 -8.138530536234 -1.05946132871232 5.25582287920493 -4.14555699615891
Vampyrum_spectrum 9.66154007054413 -4.44277680695142 -27.5612287261465 -11.151295693094 9.2324089324524 -11.271177802208 -6.36500077843631 11.4032379851834 12.8280006207281 -5.61920768511036 -12.301572955748
Viverra_tangalunga 30.4476644100488 21.822262123992 11.8157936006435 -15.8900417809055 15.6424540935579 0.276632756463626 -2.45875809904583 4.446155873529 -1.01936294505562 -4.61771641004838 2.5740475640511
Vulpes_pallida -1.25177447706908 17.907398060741 3.41114532400034 -12.6444280311524 9.27983656772961 -5.19019835311581 -11.4800187464797 3.13863464034257 -7.58094708690131 5.04511352360273 6.83013257874469
Xiphiacetus_bossi -95.4440302000055 22.0856567556938 -27.0439882888757 30.0659592986489 4.16915572823789 -24.5917630893955 -2.23399066088846 20.8214391074734 2.64719582742092 -2.26529700038951 9.4160932736045
Zalophus_californianus 27.8620458876411 11.6282541776256 -8.38054723377882 -28.582128165844 12.7141483070563 -5.28136342069084 -2.2669289765765 0.958755115868872 -10.6594300827565 -1.21088478718316 8.29644281818691
Zapus_hudsonius 7.39050569299805 -11.3221738104569 -0.909482767896734 -32.8505092556466 -12.0185864633312 3.1935638386298 11.205984792031 3.28003554045268 -4.80946702207147 -12.3154793730714 -1.71773558415495
Zodiolestes_sp 17.945122521486 3.3759948235126 -3.52633054177442 -26.7874519245397 16.8170210780666 0.199237658868857 -0.29790714720658 -8.71774667908798 -4.1230633931378 5.35122256589562 -3.01767612622139
