Acinonyx_jubatus 15.6776602630986 40.2169730954986 -0.317073334302763
Acratocnus_odontrigonus 20.618434657117 -0.445410919811374 -1.38103133623845
Adapis_magnus 12.682244932014 -1.19687652732167 -1.18432442561426
Adinotherium_ovinum -3.47793390558672 10.4205640005634 5.71292373995182
Aelurocyon_sp 16.0985865707557 19.3100501242043 1.4338011590118
Aepyceros_melampus -80.4132154618526 16.1550425632943 -6.30470104428036
Aetiocetus_cotylalveus -116.854479696732 -36.7830310643836 1.31727766547151
Agriochoerus_sp 14.6882823527264 -0.279721527362511 -6.60369732209673
Ailuropoda_melanoleuca 4.99229690374633 10.9079849240257 -1.60966390256138
Ailurus_fulgens 19.9790937747083 12.9940392649979 0.763984130677031
Aletomeryx_scotti -46.5972419928948 0.187007007670548 8.14735606835732
Allodesmus_gracilis -33.586150992181 -7.88279735858223 -3.43400025005262
Alouatta_palliata 22.2634439336303 9.85597905570828 -0.36764102383164
Amblysomus_hottentotus 24.5704340608547 10.8965038434839 -2.39341955588582
Anchitherium_agalensis -35.0182115671379 5.39754339462219 13.3838955802178
Anomalurus_beecrofti 28.5179468695647 23.6976005088208 -8.69719304205555
Anoplotherium_commune -30.1598465067147 -6.38730985963057 6.64387696432485
Antilocapra_americana -63.826267527234 8.9880461714165 17.0225364631813
Aotus_trivirgatus 46.0785709432674 31.4530389712716 -3.4938050764227
Apternodus_brevirostris 15.8057258573266 -3.10030471210979 -2.77060821928221
Archaeolemur_edwardsi 28.7752126432807 15.8220690287427 -0.94083249247517
Arctictis_binturong 12.907724284067 2.89308038810631 -2.07309588358466
Arctodus_simum 2.79567950285272 28.5794137126273 5.13548160286933
Arsinoitherium_zitteli -36.4384480424016 15.7341231452339 -0.603904026767358
Aselliscus_tricuspidatus 28.7820820744912 0.962222744901508 9.02559428944259
Astrapotherium_magnum -17.4003540957977 2.92154217706674 12.9778520813484
Ateles_belzebuth 33.7261545935476 28.4615739165716 -2.27437287455822
Atherurus_africanus 18.4624328420605 17.8638026173248 6.47814762187041
Balaenoptera_musculus -192.426245432532 -6.94518422599633 5.66557444997616
Barbourofelis_morrisi 2.99502546739202 8.90113032955967 8.92153612046211
Bauerus_dubiaquercus 22.9909971724224 -7.1161205719913 -8.80137402995596
Bos_taurus -50.6560402105074 -2.05326795155311 -5.38673545980941
Brachyphylla_cavernarum 9.26135504229467 8.01500181713169 -4.84336573028085
Bradypus_tridactylus 44.0679088987271 14.2020037668424 -3.53961132710204
Brontops_brachycephalus 25.881410819912 -9.67908700107452 -6.42899585813526
Cacajao_calvus 37.8575311853363 28.509429710849 -2.0835212242637
Caenopus_copei -10.5300098883409 -10.0295232575501 4.29135353230732
Cainotherium_laticurvatum -7.92889266225013 14.2690509646295 7.16776545872805
Callicebus_moloch 42.2972970423218 25.4995571632676 0.530688658130368
Callorhinus_ursinus 23.4309885004621 16.0125174200485 -2.8011162228306
Callosciurus_caniceps 28.4627408427811 27.8522185815704 4.17332431792169
Camelus_dromedarius -57.2549320465574 -8.09299863372152 4.08191255061026
Canis_lupus -9.39974805632026 3.98061740972017 12.4576584146515
Caperea_marginata -125.780956121058 -15.0277892474057 11.4669318071992
Capra_ibex -40.7176093375413 20.3064855063021 15.9165186174063
Capricornis_sumatraensis -42.1191035595959 1.64591085483686 12.863051560432
Cardioderma_cor 24.7542377815724 1.76885675837502 -6.24459981228306
Carterodon_sulcidens 24.6502636656474 24.8527597689452 2.71669157678275
Castor_canadensis 27.7832339486033 21.499391580307 6.38311229542964
Castoroides_ohioensis -1.48439239033753 20.8771308837842 12.5486507162369
Cavia_aperea 18.4301527067872 9.4487351511169 6.55444095743983
Cebupithecia_sarmientai 26.2202785132478 21.0595305186064 -0.139128823094345
Sapajus_apella 34.3055436071544 39.6466582865848 -2.89607381364247
Centurio_senex 60.7613458948382 19.5782125863172 -0.707702856821653
Cephalophus_nigrifrons -35.2695422927408 5.31656003634132 -0.00112080535806487
Cephalorhynchus_commersonii -107.284256030661 58.837368653207 4.2094844178188
Ceratogaulus_hatcheri 29.2973904952107 3.1475476003841 -3.60369884525155
Cervus_elaphus -51.2123011252834 -16.1135876203615 3.83549176159556
Cheirogaleus_medius 24.376904921247 13.4581596785983 -3.79727054021093
Chironax_melanocephalus 24.5512200765335 9.62597394744983 -5.68615268050452
Choloepus_hoffmanni 34.0548248211284 1.40447234691614 -1.96704711347242
Chrotopterus_auritus 23.331073546419 6.38450590689741 -1.04955113680895
Chrysospalax_trevelyani 16.7387548481099 5.56063981168474 -2.3304856690679
Cistugo_lesueuri 25.9040790255412 -11.0843232825877 -3.43322422745447
Coelodonta_antiquitatus 5.54085743643498 -0.178852537809696 3.4868746266415
Colobus_guereza 17.6477377312269 27.3165326678087 4.40664911500028
Coronodon_havensteini -91.247763981774 -18.9059850901448 28.4604291846313
Coryphodon_hamatus -3.41235029925666 -3.87975956380147 -4.7267193962671
Cotylocara_macei -153.501054549298 26.9533722644474 16.7913004659306
Craseonycteris_thonglongyai 20.5929278030333 -8.87707580043034 -4.80190995337443
Cricetomys_gambianus 14.8531688529742 6.36061180750775 8.48763412301127
Cricetus_cricetus 10.7930596819065 8.91798030821966 6.18931122605848
Fukomys_mechowi 33.5604059731035 17.3311800375137 22.0112213173721
Ctenomys_knighti 6.52860852244181 22.0958206686085 3.34605570059103
Cuniculus_paca 12.1379191109943 9.96932327655707 -6.17810174051347
Cyclopes_didactylus 20.9659541736312 15.034036105139 -2.7251207836371
Cynocephalus_volans -2.35619929992114 10.2682809507665 3.33674750245225
Cynomys_ludovicianus 27.7253021751491 18.1488791536372 0.164998606341043
Dacrytherium_sp -10.0969602731986 -0.13756328854465 5.81189254918608
Daphoenus_vetus -0.78874334675864 7.11776617603677 4.353074284774
Dasyprocta_mexicana 14.1032000808244 21.110031557052 4.9787024813237
Dasypus_novemcinctus -4.72906117641449 -22.7135816952506 2.67307236471092
Daubentonia_madagascariensis 35.5113434358077 32.6157835177844 0.118131333490281
Delphinapterus_leucas -100.995832575017 63.5163106633575 21.4128283754093
Delphinus_delphis -138.825979531547 42.4571667539119 33.1027829140689
Deomys_ferrugineus 18.6431804088685 2.11352121043129 1.93436595818063
Desmocyon_matthewsi 3.88281149827967 11.8809260489094 4.91923344883784
Diaemus_youngi 48.2171920150027 12.9878971431771 7.25154843015698
Diceros_bicornis 13.9097377821281 -21.7251476286541 -9.55060023849146
Dinictis_squalidens 19.9072223814466 21.1212552756729 -0.839814224973813
Diplacodon_progressum 2.08933130486384 -8.18480351359984 3.34986048893395
Dipodomys_ordii 41.9487091801617 17.6500281111502 7.3934151734269
Dobsonia_moluccensis 7.87481061846833 7.09254634250022 -0.973127018328552
Dolichotis_patagonum -9.80588070989348 21.3790500738883 0.210809105869758
Dorudon_atrox -64.1593015037006 -30.52096711808 16.873378223283
Duchesneodus_uintensis 26.0843300447849 -19.2043572224649 -7.80163910703648
Dugong_dugon -61.2393723602789 63.9929690903188 6.96009690900329
Dusisiren_jordani -64.5904442665361 13.5662449734564 9.06835174618467
Coendou_rufescens 15.7180823987836 18.6797675367893 -4.07103775117999
Echinosorex_gymnura -26.1032377050055 -9.40767900501464 -8.79255735601733
Elasmotherium_sp -2.43577891161972 8.22486473393964 -4.75236222639023
Elephas_maximus -17.1643419908826 27.9615969946299 -0.656046759691344
Eleutherocercus_tucumanus 9.13177903148289 -13.5250305335861 -1.80843777696059
Elotherium_sp -49.8864041796154 -15.5419764038696 0.853538809529871
Entoptychus_sp 15.96925658298 11.1260804495291 2.23310291690854
Epimanteoceras_formusus -4.0173484170037 -10.3043411261974 -4.32341053608989
Eporeodon_meagherensis -5.49037578389497 6.13403554435514 4.57019306786046
Equus_caballus -63.6796105821067 8.41787423012797 21.061632778318
Erethizon_dorsatum 7.11239827543797 26.8265341277554 -2.8880805706463
Erinaceus_europaeus -3.02015226774215 -0.362610591043343 -3.581331569696
Eschrichtius_robustus -183.747454102527 33.1969509667136 7.6164384270388
Eubalaena_australis -152.292761760097 13.0212640073966 9.48551981315129
Euhapsis_ellicottae 29.2163468974812 11.7746696894627 8.81134509800851
Eulemur_macaco 11.1535763663452 12.5229737706582 0.92631252288163
Eusmilus_dakotensis -9.29994900607422 1.72722067093021 11.204865191222
Fossa_fossana 1.30692720001335 -5.99782746663724 3.72027156736923
Furipterus_horrens 29.3098812764536 -30.5868112876849 -7.33508357530445
Galidia_elegans 23.5262151417689 7.0934391695915 -2.99205899821948
Giraffa_camelopardalis -51.3522044863753 -0.803977816224092 23.8764957308177
Glaucomys_sabrinus 31.256263721796 17.7552815172763 0.476113334607783
Glossotherium_robustum 16.8446627401731 10.6090666039255 3.27167953760379
Glyptodon_typus 3.47631347646464 -6.08961136463792 -4.68595626042039
Gorilla_gorilla 6.82215431154953 29.0521947623312 4.8271779278637
Graphiurus_murinus 33.3665726994893 23.1428474684699 -5.21765730794066
Hapalops_elongatus 17.0635416820535 -0.665163604079227 3.81884646034956
Harpagolestes_macrocephalus -16.9016100971035 1.03958251975206 -5.44130667188331
Helarctos_malayanus 20.8630644635037 13.7017189420235 8.91215829571541
Hemigalus_derbyanus 4.48036932939889 -4.5623266052164 0.72497281323845
Herpestes_javanicus 26.9458383423133 3.65156222634836 -0.429539948750556
Hesperogaulus_wilsoni 47.4626165455882 5.64576317473238 1.24013771837355
Choeropsis_liberiensis -23.1669008738015 14.2526841567066 12.9802110431295
Hipposideros_armiger 34.4998953298726 5.59772492913667 10.6751052610485
Hippotragus_equinus -58.3063298889718 -4.40978518493529 5.29357289100923
Holmesina_occidentalis -15.3314837714275 -12.3133186609594 -2.4656944707038
Homocamelus_caninus -71.6154367440792 -2.44644498347096 -3.3640094369134
Homotherium_sp -5.86631109398132 23.7337854771501 0.571280861819882
Hoplophoneus_primaevus 9.03629661737539 14.2861270586205 3.83974331993732
Hyaena_hyaena 8.1139600168753 8.82948422324528 7.27827070633995
Hyaenodon_paucidens -8.5197828916534 -12.0718827690247 -1.55941639548588
Hydropotes_inermis -29.3584160327243 -6.23856467926554 8.55693252486497
Hylobates_lar 35.2895800176017 28.3721738237454 -0.356407383119608
Hyracodon_nebraskensis -20.6133197940144 -8.40070227993247 -4.09131979025674
Hystrix_cristata -13.5849236539015 35.8357669579563 6.48720532442477
Ictitherium_viverrinum -2.35135303505891 -1.38116513701597 3.54184317855878
Ictops_dakotensis 0.731224681336602 -9.43460224580234 -3.29416640031241
Indri_indri 15.1876304653897 7.80740417897649 -2.69639945604324
Inia_geoffrensis -170.497120513978 34.5678132300755 5.46754124424987
Kannabateomys_amblyonyx 20.9646919618727 15.7136685143195 4.37431076301608
Kerivoula_minuta 16.2244847733942 -23.519095530111 -7.55824303742725
Kerodon_rupestris 8.23795963301313 13.9540121720873 5.11427235417032
Kobus_ellipsiprymnus -51.950026934833 10.1830798362854 13.6991257533821
Kogia_breviceps -72.75683962745 13.9019590218943 8.86787381952851
Lagenorhynchus_albirostris -96.8350878538638 42.2191213357967 22.6230664136033
Lasionycteris_noctivagans 31.069193482333 -18.5773021104842 -4.71743488474083
Leontopithecus_rosalia 45.2647047321561 27.6757697185221 0.750090426070735
Lepilemur_microdon 21.5301330251967 7.75088193040792 1.93406474290162
Leptictis_sp -6.62087723039645 -12.5822134697276 2.09931637835943
Lepus_californicus -11.2960056471713 29.4305639060114 18.432020969375
Lontra_felina 34.2925371584294 9.10229890574625 -0.410393659719364
Loris_tardigradus 43.2651988053497 18.0366426551563 -4.43355039207062
Macrauchenia_sp -68.3580613786691 15.1394279365203 1.30250067216565
Macroeuphractus_sp 18.4943150065568 -5.38545725754896 7.63703360021544
Macroscelides_proboscideus -7.00873106406719 -15.5085835765233 -2.48304007222021
Manis_javanica -5.15300137070714 -14.5050656731072 -4.97902236434262
Massoutiera_mzabi 13.3413497333616 17.7878107100839 8.35079955295924
Megaladapis_edwardsi 2.66168569408427 -24.3444701735897 -2.81877217552792
Megaptera_novaeangliae -137.740716276907 -10.7360407062671 14.9975489660646
Megatherium_americanum -16.9984551904449 -12.618576370483 8.3417569025775
Mephitis_mephitis 28.7996042288879 16.2528197433263 1.23863796082538
Merycochoerus_proprius -49.1718822258173 6.19412237411971 -4.33724857710803
Mesocyon_coryphaeus 2.21837509163162 0.520748229236891 2.49278382339378
Mesohippus_meteulophus -49.7933219811878 -3.11158789261169 2.64472477609136
Mesoplodon_europaeus -130.159402344554 47.5774577891166 39.6253628301961
Metarhinus_fluviatilis -15.4590158925453 -0.548417723111409 -7.10106448297148
Micropteropus_pusillus 3.57019155402225 9.25514084494683 -7.60728480493949
Miniochoerus_gracilis -2.74037425508179 0.348428501523906 -2.02275379778202
Miniopterus_australis 23.5167811551749 -18.8263828834888 -8.02747764911954
Miolabis_fricki -64.9248501190716 -9.12623539865982 0.323665711434642
Moeritherium_andrewsi 2.21706083155835 -11.6516851184636 6.24628387044167
Molossus_rufus 40.8349384350542 7.27399662438579 -0.966744334827223
Monachus_monachus 2.12803994436293 15.9666405657306 -3.40224505225117
Mops_thersites 27.7450351739797 -2.97409521778497 -4.21178269469925
Moropus_elatus -48.7418822873827 2.11206839811249 9.73806730969904
Moschus_moschiferus -40.037149361474 -14.8112409578767 16.6570539369024
Muntiacus_muntjak -47.8261807301958 1.88634760617103 -7.78409956510957
Myocastor_coypus 6.40174734917635 19.6760662442432 5.74536428621005
Myodes_gapperi 25.7744126526011 8.00546093591065 -2.13980436619875
Myospalax_psilurus 25.4764144550237 4.54721639679384 3.05975890825985
Myotis_vivesi 21.4572195750916 -22.9265935311016 -2.96373727562108
Mystacina_tuberculata 18.5615384366765 -7.61371196025666 0.31538736390901
Myzopoda_aurita 34.9850155132847 -12.3631445959418 -2.64710423763601
Nandinia_binotata 6.53894495509083 8.89735687864142 -2.33593129731145
Natalus_major 6.01470930367375 -25.3456978713739 -1.45122050358539
Neofelis_nebulosa 25.3620038383171 24.9610708351113 3.61580380608896
Neohipparion_affine -51.038866560537 -2.77666751296951 -0.164672245908753
Neoparadoxia_cecilialina -46.3924491439528 13.5307194560169 13.3462570195966
Neoreomys_australis 3.65275093140125 20.8741807326684 -5.07753882680234
Neoromicia_nana 32.320412698701 -13.6288238572751 -5.10948698348301
Neotherium_mirum -8.89430587578175 0.607389544793282 1.40588788719917
Neotoma_albigula 10.9455474340069 13.8592340780219 -2.84867022923327
Nesomys_rufus 40.3981838664356 15.1534890263025 17.8569472057237
Noctilio_albiventris 47.9040715640875 -11.3415149727957 -3.78274191121865
Nothrotheriops_sp 1.61349677028317 2.65092919561133 6.65324264283126
Notostylops_pendens 4.45385395276498 -4.76802551325683 0.88601659355953
Nycteris_tragata 30.1226435437696 6.07343035886738 8.18400555500388
Ochotona_pallasi 12.8634814881622 22.9534610199505 -5.64957906623131
Odobenocetops_peruvianus 6.57500486254423 45.9731255839528 10.4096221256975
Odobenus_rosmarus 30.3714763541621 29.1753302102555 1.11553895979921
Onychomys_leucogaster 34.0411560920415 11.7301424471032 9.92623090578143
Oodectes_sp 5.49243169116183 6.64467836255873 1.32037770567473
Orycteropus_afer -35.3415252930353 -29.126104301257 -2.05447791934172
Oryctolagus_cuniculus -16.1769612251248 37.9021640687886 -5.17342737989962
Osbornodon_fricki -1.20473181115008 -4.49186856514258 2.87546618320115
Otolemur_crassicaudatus 17.9885354564983 16.1235687314151 -3.0184248725054
Otomys_angoniensis 24.6629296167873 14.9900656724357 13.1687739725068
Paedotherium_chapadmalensis -11.0412872628603 21.8916151762158 -4.52288032785236
Pakicetus_attocki -63.723076704133 -32.2149943891475 -3.33264351840686
Palaeocastor_fossor 30.3623380416914 0.542247829703554 8.35880245245639
Palaeoprionodon_lamandini 13.56033231098 6.55067483594261 3.52201571297449
Palaeopropithecus_maximus 12.4786169537653 -0.640766043828896 2.88730084610256
Pan_troglodytes 15.2174235443844 31.1513927359405 4.02167470476139
Papio_hamadryas -24.3522853401563 43.10806701409 -2.47695130460588
Castoroides_kansensis -3.08935080005345 25.4888431284706 14.6484192243191
Paraceratherium_sp -24.1821710036784 9.95052363723776 4.67937542211227
Paradoxurus_hermaphroditus 4.12277582178895 -1.90446317945879 -4.38986794404755
Parahippus_tyleri -50.0235015246759 -11.7683505471774 2.04825638969472
Pedetes_capensis 20.776597545797 36.7401487177926 -5.42953929030512
Petromus_typicus 8.77993171800103 13.8800405354519 -7.5822577203116
Petromyscus_shortridgei 24.299210375002 9.31173460472533 -2.93069177704158
Phenacocoelus_stouti -15.3887724176947 6.85090359232078 -3.23393280440645
Phocoena_phocoena -67.8948114022327 35.3332764638654 22.6863513805542
Physeter_macrocephalus -181.494158765052 -17.1295444284121 16.0885730075354
Pipistrellus_hesperidus 28.0853765024631 -12.919306063727 -5.40488483832314
Platanista_gangetica -201.690084008217 8.12128262176846 3.92992297891768
Platygonus_compressus -36.3882051854625 -0.225467442525894 -3.45415359410957
Plesictis_lemanensis 19.747536136803 4.87573299932882 -1.31527789449096
Pleurolestodon_aequidens -0.494520846865422 11.7114454592194 2.96556790325757
Poebrotherium_sp -35.4852167721751 -8.50924597451888 -6.1079166861556
Pongo_pygmaeus 6.94049457000349 26.2281386500378 9.21715549791717
Pontoporia_blainvillei -209.660328104389 50.5164928779919 7.70274452758577
Potamogale_velox -16.9598341492657 -13.231679109452 -2.24725642476818
Potamotherium_valetoni 23.7121939395377 6.52473869139705 1.94744196320666
Potos_flavus 29.8074932873911 18.8125014147386 -3.80972486918722
Prionodon_pardicolor 14.7258637387689 6.22062386272013 1.10116628095307
Procavia_capensis 16.1579881191518 -5.521564994872 6.82247482469252
Prodeinotherium_hobleyi 6.37796485635152 -4.22367947174789 10.0593911280393
Proechimys_cuvieri 33.1316274205462 22.5340360406237 2.79969128538729
Proneotherium_repenningi 2.52721566851014 7.73891196219962 0.500744363285807
Propalaehoplophorus_australis 11.6886580633036 -9.53888412326122 -7.67549587487115
Proteles_cristata 12.5964901464216 -3.87787841682814 2.12506741515683
Protosiren_sp -41.4826427315161 14.9337653079966 5.28660954908756
Protypotherium_attenuatum 13.2291166238876 1.79484121212531 2.37888702914911
Pseudorca_crassidens -69.3382456477758 38.9448466943452 24.6251161820032
Pterodon_dasyuroides 3.14884475789515 -2.35135016596012 1.58017048729418
Pteronarctos_goedertae -7.32047599646365 11.2760572200525 0.205295277612819
Pteropus_niger -5.56490402735732 16.9968581206451 -6.25004229698793
Ptilocercus_lowii 8.87638201641209 0.582160598920622 -6.44728639619201
Puelia_coarctatus 4.91546859689501 3.50062506811504 0.148600256277981
Puma_concolor 27.3496062631964 33.607847335677 3.18124293046263
Ratufa_affinis 34.7578701142385 25.7074926428942 -5.08113982200703
Reithrodontomys_megalotis 22.8834048216849 19.0114018724528 -5.38677902048618
Rhinolophus_acuminatus 23.2468603073902 1.41615064498904 15.2564099909669
Rhinonicteris_aurantia 28.6534079930998 -0.105320660023332 11.4121260629204
Rhinopoma_hardwickii 19.6145895429698 -1.8939390148212 -3.88692379787257
Rhizomys_sinensis 16.6946149701085 14.0808664819253 6.78557298818046
Rhynchocyon_petersi -6.83796680794903 -6.0914796736982 1.66259095507335
Saccolaimus_saccolaimus 6.19525172398449 -5.38106292807865 -4.45991612174169
Saiga_tatarica -62.6851692113865 11.4627734259084 8.14860883399119
Saimiri_sciureus 44.9973502994133 36.7856549109294 -4.04289098572997
Scalopus_aquaticus 7.83453915060607 -6.03856803462133 -2.22425813027576
Scelidotherium_sp -35.4246589087734 6.30288014008322 6.10529974113899
Schizodelphis_morckhoviensis -260.764444686075 5.13926402477186 6.88177331856066
Sigmodon_leucotis 13.0372085744717 14.3363411159465 -0.556214327123493
Sinorhinus_cornutus -6.50565037648516 -22.0950017336057 -7.81776392158808
Smilodon_sp 2.7127197901084 26.9297486950134 7.04392530784385
Solenodon_paradoxus -10.6893616191509 -13.9525961275878 1.13188302629033
Sorex_monticolus -11.350415741363 -8.06483220445358 -1.16686505225498
Spalax_leucodon 31.4578995979381 -2.98858328286451 9.0127835330261
Coendou_spinosus 12.9288381591542 21.0760951944365 -3.87014014047223
Stegotherium_tesselatum -20.6022964114766 -22.1426761779267 -1.67225859558098
Steno_bredanensis -154.31074185709 45.5488416714776 9.87860374135925
Stenopsochoerus_sternbergi -8.15063267670525 3.07204473577322 2.49648110150334
Stromeriella_franconica 14.0270615705178 14.8944112213969 -0.609374986518951
Sus_scrofa -46.4671718995045 -20.9919004052425 -8.17468340460587
Syndyoceras_cooki -83.3132271040382 1.98745162367179 11.0751282775308
Tachyoryctes_splendens 24.0752347006745 13.8598709219446 14.1223919031454
Tadarida_brasiliensis 25.2455254371903 -7.42006441459625 -6.04560287393595
Talpa_occidentalis 5.362455121837 -12.2090200614833 -2.53380472671145
Tamandua_tetradactyla -17.7777028833528 -11.0021836238135 -2.9253744433447
Tamias_striatus 30.3862433374888 3.8686463644249 -3.7317610998974
Tamiasciurus_douglasii 38.731811002454 19.806738128334 3.81196304795965
Tapirus_terrestris -35.1025977931054 -21.4827479333258 -3.80578218418902
Tarsius_tarsier 34.5568229905501 25.102251112629 0.426537180082347
Taxidea_taxus 23.4314645794338 2.74803227518718 -6.39169071039998
Tayassu_pecari -32.7274263433643 0.850781028541953 4.15313502124026
Teleoceras_medicornutus -5.78918387854378 -15.9978973996363 -3.1324121236356
Tenrec_ecaudatus -11.6999189186508 -18.7651445123437 4.82411894144495
Tetracerus_quadricornis -31.760155501188 1.14499411669745 9.31162813634689
Thalassocnus_sp -11.8217828923579 4.07227287405548 14.2126087170287
Thoatherium_minisculum -26.4663396771376 -7.48380563801244 -7.99760993615901
Thomomys_talpoides 34.589671839551 5.90424023696159 12.4572209712024
Thryonomys_swinderianus 6.11045985673966 31.7986697895752 -0.953700203590561
Thyroptera_tricolor 16.5087293026728 -25.0211597703613 -7.57254698287425
Tolypeutes_tricinctus 1.88661388165329 -16.7688194750359 -9.5178769011426
Tomopeas_ravus 20.2203654289545 -14.1991948910022 -5.49903280304624
Tragelaphus_scriptus -30.1257196671616 1.39148019583248 11.1599757746848
Tragulus_javanicus -12.8511726339759 -9.48434380963061 8.46433023335641
Trichechus_senegalensis -34.5519376485168 -1.04651451516891 -6.64244531929424
Trogosus_grangeri -13.2372945930522 -6.32987007041973 3.25342425937087
Tupaia_glis -2.94247323865453 0.0381353386115154 -1.52701919659861
Tursiops_truncatus -119.508155867057 54.2262666166358 5.14673252892504
Tylomys_nudicaudus 20.0776934103133 14.6950857611862 11.5619434482271
Tympanoctomys_barrerae 30.1376993206368 18.0077912340768 0.780178397621362
Uintatherium_anceps 1.46457770762505 -6.01918514812402 16.0108483699982
Ictidomys_tridecemlineatus 30.7174972644973 5.71257400422493 -0.26377509955854
Vampyrum_spectrum 5.22657579130213 1.22125736828777 1.62676971983727
Viverra_tangalunga 3.23398507624972 -4.20196955718454 0.957190584517824
Vulpes_pallida -0.49591892103104 -2.90112934784213 5.36789642987444
Xiphiacetus_bossi -255.375402886835 8.67007394586897 7.71796167746825
Zalophus_californianus 9.5630912607568 -1.19135640867695 1.25144622169836
Zapus_hudsonius 28.4972120266141 15.7649110206309 -5.41000826335855
Zodiolestes_sp 11.4578516184809 12.0098557879366 0.915800224920012
