Acinonyx_jubatus -14.1660593394611 -36.6078220896997 4.98005445756698 -3.3022568593067 -19.2152320299654 -24.6164936331423 5.32520193672379 -19.5149437838304 -16.9050377943646 -6.60891071059991 -1.67446330665797 2.32401325559663 7.82292411044395 3.86372801610465
Acratocnus_odontrigonus -25.6323175379399 13.1986724461532 27.2759211486273 3.48765502600161 -19.0547927147363 -5.39417094197587 3.17800884145887 -1.48170753566337 15.9088650467953 -14.8082774257804 18.0253384434041 1.23841208682825 -1.69063835462894 -6.92525974596044
Adapis_magnus -15.5750929847575 -18.1961279844239 6.16064164977248 4.00028857378928 4.73781942484766 -5.32388854675308 18.357816791877 -6.77311391096466 -13.6970037676211 4.72743785400885 3.64021670967044 1.60243711840871 1.26425207568877 5.7423470847807
Adinotherium_ovinum 4.30636434156312 -18.1310849790837 -4.85245899438342 27.3469428340776 -13.8857966530469 -15.7837625294656 11.0600985931449 0.956450746136832 -1.79082484367858 14.6225735771245 2.27666325139184 3.72069163282355 4.08452120030898 9.28688588078874
Aelurocyon_sp -12.7128461189193 -15.0100988696258 10.5741219380801 -6.16624462522098 -3.62353694434761 -15.0117847935147 -1.47478677206783 -9.36848574930413 -9.4625060014103 -9.09672902180925 5.65391470824122 0.131293948777274 2.91982774308734 -1.24489216613334
Aepyceros_melampus 38.9124219041707 -27.2910114079603 22.774395408727 15.5539750666065 -5.89395854204118 -14.5694826433041 -5.69511040299351 0.608888007704472 6.6857821452451 2.8891881007273 -9.68135523038175 6.29738945826987 -2.16998837143772 14.344918346006
Aetiocetus_cotylalveus 58.2466856805695 -74.141461440157 22.6934510672723 -44.2042568297839 50.867784059515 -7.91632559632545 -0.658404090336288 21.5216804885955 -0.388910654744189 -3.11871628035073 5.12244609149927 -0.772671243664947 -10.9618612119153 -2.5446738814881
Agriochoerus_sp 12.000654073806 3.96254737501705 -7.23288583123604 4.3745595973266 -0.0281152755197862 2.44557271317525 19.1667816614926 -6.215681854207 -0.337273496342107 -7.72352220310644 11.3737088175126 2.88223616284286 1.72590842799503 3.94768691760738
Ailuropoda_melanoleuca -14.8070317956521 -3.97816699170539 10.9124257433326 6.47588451370807 1.31103901626343 -14.0802482610318 12.0463858633719 -0.906887891154411 0.00584142106563419 -7.30543315235362 5.90456061893318 0.843094392175247 -1.44102071628397 7.96329203291587
Ailurus_fulgens -21.0610547708948 -9.77665792303295 0.0590347798125584 6.59733144186112 -1.61772111580092 -14.0559139849155 10.6720032656172 -12.2515110600608 -2.41764140467678 -7.67062144528752 -2.49208705245892 -0.252997982009481 -7.28612439787348 8.40396812664592
Aletomeryx_scotti 32.5623583922007 3.76551232257905 12.2895045925169 10.5737514918346 -0.483217101320157 -10.5953601084191 7.7876258883366 -3.66095826941824 0.188122946166612 11.0770789492635 -4.25401603288499 0.95313049765242 -5.09481638341621 17.986185906242
Allodesmus_gracilis 5.2256440701914 -25.1141548322133 36.8400890485924 -15.5436939545101 27.6887908575195 7.50471924323669 16.5533083450901 -10.8065713246383 -14.6674689268024 -2.03773980222015 7.8561747242481 -0.603532704882951 9.27568229132294 -0.121879215640105
Alouatta_palliata -15.0806271179214 -39.3380592471498 6.59999504972688 5.42450472932191 4.47610234609671 -10.8283165485947 13.8880770071525 -8.56478083690516 -24.1223340551969 1.61359594748605 -4.43855055775713 -10.1667675727974 -3.87930865391645 8.25405447563923
Amblysomus_hottentotus 5.45615944301387 -7.03942900609038 -1.70224021279576 -11.9249137001848 -6.47326916488619 -0.673827369839306 -7.58195306302094 9.56386954252392 -12.3927678510264 4.44404419541343 -4.30359756073084 10.632536967861 -0.30192094311906 -1.04671071187375
Anchitherium_agalensis 32.4000362046667 5.44323818379632 12.6180504575373 11.7163337661766 7.76196373343921 6.152290704141 9.17105625101028 -10.9165954182232 1.67294875020539 -5.81151606858748 6.73737751036866 7.40596898005405 -7.53098833509718 7.50045007332573
Anomalurus_beecrofti -52.3507811290461 -19.0003814617953 -11.3233452375496 14.7639667269996 -11.3334339760436 -4.46990521453237 -19.5274072950864 -7.11522827618231 22.8448071441101 -2.19428537622589 -13.8270571332585 -5.03678186760632 3.74471652083224 -2.3481030825334
Anoplotherium_commune 19.4335060389915 -6.25399373241816 5.44885223927806 1.22285042324764 11.3234767105412 -3.31649881752355 14.2413986839226 -3.03175379380412 -1.03274335712996 3.2860087063729 6.69066906723736 3.44533332911097 -7.0123717531335 5.57595211275678
Antilocapra_americana 58.5868930381212 -25.549095772466 13.5990729464091 6.12521332177142 -24.4781731614909 3.39317062933097 3.08900261087733 9.5067977686363 7.18941474262786 5.15858880271741 -10.7925044604225 -0.522789462076873 -3.5288534553738 11.768900902419
Aotus_trivirgatus -33.2566246294916 -12.8904722300326 -14.7800358712058 12.0507407428514 13.4657413561103 -11.1557616538913 7.08977784442677 -17.6679041788756 -18.6599826328894 -14.5046200281611 -12.2400946048061 -6.7299663324142 -5.40583088294712 7.00355770119281
Apternodus_brevirostris -16.6399777024505 -6.82683064983416 2.59168249676471 -0.190827776652145 11.8603509204879 5.53316431132325 4.8415069969942 -7.31725207075945 0.289343715738354 -1.50361590191824 4.69285040221569 -2.88304714019078 -2.62581877794001 1.88473265053296
Archaeolemur_edwardsi -24.3465762962575 -13.8312612256232 15.3295562623947 16.5673804183664 -1.41232091107443 -12.3643336372826 19.144051589632 2.61884305640127 -8.93566887331217 -0.480469670505202 3.34363907503553 0.232671143454272 -4.29237400749094 6.90209991861618
Arctictis_binturong -17.6035042711566 -6.57282649167396 11.178826231491 -12.9039616555314 11.7405512867875 -5.68198421520267 -0.461639939373136 -9.59880452533372 -5.17941465534834 -4.68005735094011 -0.254181088794981 7.21371139055548 7.01667987630581 -2.04200062422859
Arctodus_simum -6.03192486490834 -26.5252204213711 3.51730499327118 8.24872844321166 -2.91365222694498 -11.0227579789501 -0.584107266204208 -12.7316378280755 -3.14524300850804 -1.54815401435805 8.71967370767317 1.44380166536681 -1.99948512897664 0.234904411048019
Arsinoitherium_zitteli 21.8925766548617 -48.5077374342405 4.33870319838954 -5.43466391515998 1.36765128764571 0.26610391771934 11.0909621155412 -0.630868026110262 19.5060136268099 12.0781435121984 -6.74011699620587 8.14568434630971 8.60864072618267 -3.30064529380107
Aselliscus_tricuspidatus 0.119149590717707 -13.2873895214981 -3.71710118791833 -27.0823921901702 -3.16238467956115 2.55762309445748 20.2228860413956 -14.9211138232524 10.0276462821391 -0.703367956796116 -20.5622739209791 16.4961819340961 -10.4587322097257 -4.07223014085617
Astrapotherium_magnum 5.95517023643105 -35.1669465379833 19.5644343447532 19.3092366975881 9.51651065821378 11.511514929665 19.1364614152922 -6.21336233208681 1.43568817371464 -10.8272654876179 16.1242710690159 1.31762703174977 1.24287170141861 0.53923156426718
Ateles_belzebuth -20.9763769801932 -24.3853656919397 6.67195661359087 9.58612648536585 8.18636815249012 -16.0986346944424 -0.723443197770042 -12.2048047086295 -16.9190036648396 -2.8524705385637 -15.9752117869347 -1.02556764033971 -4.1294608552661 6.35963960704752
Atherurus_africanus -22.1021358370762 -10.6116957368698 -18.38757096811 16.1250190299519 -13.1849798228989 1.71512861169262 -23.3221249049747 -5.12329674011182 22.4226490549048 6.68269629867361 -11.6049703462826 -4.3751227423586 -4.57122982936066 -7.37102914298208
Balaenoptera_musculus 111.294608732156 -95.1282614770772 11.2582648583268 -31.5675510527166 57.1614720880291 -16.8299886563134 -0.274507495761555 14.237826034702 -0.875919777802321 -26.5517263590674 23.1092942157824 -2.70354992705265 -12.6537536214733 -9.98138705852121
Barbourofelis_morrisi 4.48369738901501 -59.7618933829977 -27.7834779184392 17.6740138726215 7.96955088663054 -15.551747702244 21.0105015614492 1.25255479438308 -11.5287082740932 6.65398501153817 5.63630576435745 12.3019118039235 3.63687805425266 4.75153033723206
Bauerus_dubiaquercus -16.737069080026 -32.9597421103862 -11.6838988449466 -21.5491998231248 15.3207506900869 3.20296895195409 23.6964817042158 -9.78493470851336 -18.2308179041564 -1.63022158224096 5.55116323169866 1.34140047536754 -5.62901687262464 1.39706742474096
Bos_taurus 34.1068475439647 3.16326136208202 10.2920235377059 2.58230861925975 -13.1126375408225 -6.701717754555 7.87251551205897 -6.74518980580736 -0.732055949463361 10.1407734990149 0.250012806494129 4.38525510505321 -1.27164680839573 10.4591337497312
Brachyphylla_cavernarum -9.7762559279083 -5.52144515480509 11.3582332982211 -25.7462192966625 5.64482423566489 -4.94080821186536 9.26774150838213 -12.6797890732816 -11.2201159616445 -3.75088743763019 -0.31135180446337 10.1081887509579 5.82854489486602 4.99809103661287
Bradypus_tridactylus -50.518113330471 -8.95709657855435 35.3370283316299 2.4462690714958 -13.7483519554582 0.740153798908126 -13.8250133612918 -10.4412574393419 12.0368324873486 1.5221172804836 11.4184106195157 7.31687192358741 -2.32208096704391 -3.64902744581639
Brontops_brachycephalus -32.9967157934707 -9.7656764008119 -4.46999858785852 -10.1322719366981 4.12834431470807 -12.7907290009915 12.8044697500167 -15.6458468590752 19.0999044970329 -6.60713856981612 5.68008368939638 9.02451451977288 3.73852358123066 4.80471591824962
Cacajao_calvus -28.0197932881766 -23.8550540631927 7.06353156141889 9.56276788224928 5.05059476257909 -12.5061043460646 5.58369489804485 -13.2008287691016 -20.1925075901951 -1.08723973861107 -10.1765853199056 -2.48140412806847 -2.37130580918016 8.83007217002079
Caenopus_copei 3.84487531532938 -15.7861243078451 1.02161263093357 10.3622310521145 6.18093874319332 -5.4377848484099 18.5957277510671 0.627217536297016 18.5257518810905 6.1411901927527 7.77545497421866 8.48253643067337 -1.93672834092341 10.4076532478988
Cainotherium_laticurvatum 19.0620073237764 3.92480903782471 -10.6161032350613 9.89109553893554 9.67308179176878 -24.0579296212599 3.32555982546631 -8.97313848414444 4.88517369884024 -6.86920562877879 2.01343858798144 -1.68334805519423 -1.00179773728065 10.1645093065639
Callicebus_moloch -35.4443468506682 -22.5516893148817 -3.48195514416578 1.81945206944792 16.3608816381555 -14.7987333037888 8.68453627104752 -20.0747491272374 -23.0547351432549 -4.51844575240158 -6.43932693600976 -5.4928587718151 0.674313278176931 8.14801739423322
Callorhinus_ursinus -30.1543223557832 -9.24379383262869 16.5919433754393 3.36426532796136 8.75778572173707 6.41872370828308 -2.63396498613955 -18.2669353115625 -5.10159808138082 -10.6733238675144 2.63174478378637 3.06092690240017 18.6127832996735 -2.23279507378534
Callosciurus_caniceps -37.2200654105927 -27.6912750189753 -18.7135197183705 9.8032132739535 -18.6524564984182 -14.85648675516 -23.743448858703 1.94143395291827 17.7210217421139 -4.96582033408612 -7.4555236873786 6.36366379598594 6.06674384753137 -8.396364422773
Camelus_dromedarius 31.921443414053 -5.68375960993881 1.80381619370317 6.16223205489156 6.25151423311758 18.506653481428 9.6999499694425 9.10044602877043 0.26382153991829 -9.13115624808327 7.09371465375035 6.15434152788864 -6.72928480017315 7.59797467889179
Canis_lupus 13.8012478216875 -6.46165114743885 18.2465277667256 0.835362177178571 2.92993402471646 -13.2525333995121 13.3298639383394 5.22235041162501 -12.8833068489511 3.77632094993044 2.68885304613182 -5.44824630002645 1.31749727219341 9.24791853120022
Caperea_marginata 96.5863759687145 -25.9198856256164 -8.56484134865634 -23.5496216930354 59.0811064928348 17.5009242875445 -13.2606458759421 15.6720822953692 8.74026517288065 -12.0659918468019 32.6903948617867 1.78080491556861 2.00967510303795 -7.41427368129
Capra_ibex 20.9989488846128 -20.2336559326282 13.0385067347267 11.3564394503717 -16.5343562180492 -24.1045830726564 -4.94151905983898 5.54632379576571 7.25489066515392 -3.50469633879148 -3.32045882692677 -1.42233055310974 -2.35169045584065 16.3334071078387
Capricornis_sumatraensis 33.1635996427064 0.428158446576516 4.1828890859302 15.7577868521487 -9.27691835813911 -13.2733818956711 10.3490989810739 -0.0202923596528118 5.52028806415548 3.85036567020728 -2.37313657874684 3.15878404941097 4.63177251389383 10.780441936865
Cardioderma_cor -19.9919385548456 -10.3944554039321 8.59296084919454 -19.6224912138973 13.4106372231598 -11.4877131692104 19.5588646696425 -16.7966377542926 -0.197433654336073 5.93003525670825 -2.8978931093898 4.09122115262729 2.4306513853202 2.61186016997383
Carterodon_sulcidens -35.4361631657743 -19.0632983582866 -8.93164893448818 13.2471318004219 -8.38913290194797 7.04615648179289 -9.53855115770496 -16.5110529707602 5.16851186262279 4.62780165168561 -4.6845825210759 -11.6424299043893 1.46785850538931 4.21738145810875
Castor_canadensis -47.7877808651335 -19.6021405940686 -8.79443607935139 32.4742711598263 -26.2923884727033 -19.9866353594864 -8.21825569984389 -3.29538092434347 20.4868891943289 -0.2737350823719 -12.3200237574493 -2.91990061678966 6.59030001405748 4.57434101054879
Castoroides_ohioensis -13.1856341457148 -26.3622355536383 -26.6987965110602 43.9416933807098 -22.9387847276542 -8.81358216065293 -13.2800527912531 -9.42055288691301 13.4240740548494 -0.039138651382142 -18.08437844433 -13.9753281544593 8.2380983222164 -6.30041627737079
Cavia_aperea -11.2499183418638 13.3023149481424 -31.9576499099281 7.00264859987573 -9.60028069798524 6.41735111367185 -15.6637348076939 -8.95797471118753 8.26940342160822 6.05149889026475 -9.88336005102284 -15.2021374733282 1.51006961056008 -5.41061555096028
Cebupithecia_sarmientai -24.6229635701271 -40.4178797157426 5.11698811575913 6.56378450527306 7.16346730573355 -11.5403630942547 17.4015189634004 -16.9372524374784 -15.2344722948384 5.01648201819497 -6.4206642664975 -5.86259927085645 -3.53787364982652 11.3208875428492
Sapajus_apella -27.2712816324612 -22.2783518117419 -1.47652007327786 7.75564595025677 4.80015785977559 -26.4071036437084 5.67255425512831 -18.8593469842193 -23.1177063965007 -9.74475015045167 -15.9211439117448 -3.79711366429886 -2.87948226909704 5.97493767111052
Centurio_senex -28.9228000567354 -45.8635543366165 -37.0428929217965 -12.7418540819511 13.387017732143 -17.2891367050173 18.7143587821633 -15.7877241969861 -26.682086241089 2.15277141608764 -7.53728704182496 6.39456447728635 -2.93946954433531 8.70548454095447
Cephalophus_nigrifrons 25.5040201113041 12.0792283147485 -5.80983110356841 11.8059060582347 -0.843635422752301 -0.584288152432104 6.22111726879829 -3.18994163067424 1.40217679990978 -6.57121938270278 -14.567418310871 -0.843167276226751 -6.914982074544 6.11495611351651
Cephalorhynchus_commersonii 54.0774429332482 -121.56137128312 41.9278690975718 -16.7488783261421 14.6313463503023 19.441535439086 -25.6712277042887 -17.8865908412766 1.61955407487736 -25.2436900547241 12.4518264195318 26.3468556813064 -7.3013894664106 -0.0606092383805706
Ceratogaulus_hatcheri -35.2050470139089 -42.6973693084311 -9.35123461115303 6.40840599405332 -30.4818611238733 -14.156550305511 -19.2620849639683 11.9027897680088 22.5573775148931 22.2956272079567 -8.00588281413891 -0.163198294985588 -2.95247615262141 -2.96827858841227
Cervus_elaphus 37.4942306284838 18.8747098696652 -8.79692560220235 -3.35333590584336 4.25706327009269 -5.1861445375611 12.620879072919 1.20832376259737 1.37283247532972 6.79673112651051 2.34358621232675 2.8099878283091 -5.22120452543641 3.95069791608719
Cheirogaleus_medius -20.2188327880711 -2.73410055403762 5.14170082554086 -2.39925305570768 3.26235981924075 -5.26369930181268 6.55380000235646 -4.14229391162668 -10.4466592635841 -5.55891529587721 -4.52077600796424 4.98869766011895 0.156058282930369 4.59364779453306
Chironax_melanocephalus -14.5879356113479 7.01862706983886 11.02070256489 -16.1402550189795 4.25801562705356 -10.9204609744309 -3.66948458229661 -10.1748720417602 -5.04870706896898 -6.25190374695991 -3.78872282894405 1.79713303596362 9.66170885079794 -0.365017210839156
Choloepus_hoffmanni -36.673994772563 2.02881418580912 14.2932500848655 -9.16747856475083 -16.5956060037953 -5.45780197568024 -7.91960582302656 -4.88126146680734 21.355720637394 -13.2541649361246 7.6432684874077 2.28781194832209 -3.57378785130431 -9.45781713276931
Chrotopterus_auritus -18.2195511607985 -13.3229293313728 7.74795057470432 -9.86408346332995 18.199361745188 2.70944981832526 15.9806396957179 -19.3829582871277 -4.05042431134996 -1.49183167542948 2.90657019404858 8.54140615321558 -4.12114081892303 2.19535739494136
Chrysospalax_trevelyani -6.47415216697276 10.7486483702671 -9.26094343209497 -8.61359348136291 10.4592765311241 -12.9020507321229 -10.4071298661686 1.50943812074098 -15.8278487203107 10.1190537012932 -0.111372561984964 16.3188577971802 0.588782431477369 -4.39079214563192
Cistugo_lesueuri -18.6343100022898 -13.3092206284262 -18.9215059059241 -17.376624701336 20.9026727520705 -7.65580246251636 21.1093196455142 -5.74571333910671 -16.7727311928542 -0.54767315826924 8.54532179875152 7.9978386749203 -4.43022050510444 -1.37786441192774
Coelodonta_antiquitatus -1.92983650017377 -26.8848870602533 -6.55186776950279 6.22482863810637 -6.72741554855626 -1.30933789145637 -8.27162029067186 -0.668254504386602 6.82748161236148 19.7194091808905 9.36096124570735 12.0652834169693 -7.33121138570394 2.6697964222645
Colobus_guereza -18.2068692655358 -32.4560479295447 7.13316917042391 8.54690709695996 7.76128487899858 -19.066344320102 7.41327059614217 -15.1574551898712 -16.6274921184676 -8.76962784530736 0.00126734542731731 -7.03105845462736 -11.0418207284178 1.87732470828794
Coronodon_havensteini 45.7338734743773 -34.5399442467167 14.0627944380371 -34.3972356855036 41.1315918509814 -6.30639998565491 0.111460747250335 10.007038768084 7.89377224713536 -2.92550250962329 7.59062682905866 6.54883939026997 -10.1872877951327 -2.89704588569973
Coryphodon_hamatus -3.37805709795316 0.644133891652498 -1.39758811913377 15.0047897099047 1.70527405271368 -6.9553023764747 15.7548842361587 8.1888056000648 -8.16180163190797 -6.48800539189498 7.68301851572125 7.52971512504172 7.85655035494803 -3.15991402073765
Cotylocara_macei 88.0716841902983 -143.529063436652 49.0566547681195 -11.8569437245968 35.4937436801301 9.50940491567486 -15.367436876355 8.00390998667101 3.74629691125172 -31.4071587199701 3.50525066998756 2.41420553573719 -7.07611759364758 5.74748261918963
Craseonycteris_thonglongyai -17.6651042638544 -43.3747138115904 -12.6444597321422 -14.494755619802 16.3568334757635 -3.27657191063801 28.7718365159687 -0.436906674195383 -16.5170576927603 -0.496887099146121 -1.43573197407589 4.84896057065086 -3.81609089551538 13.8996305408724
Cricetomys_gambianus -20.6051748783037 7.45369257838948 -17.4329263670154 10.6506658773446 -6.73490828067811 -9.43791798791234 -17.6714772901484 0.933922128118817 3.89232031579606 -5.25745434843383 -18.245256030582 -7.72295112155001 5.78392331248556 -13.60520843813
Cricetus_cricetus -26.6554594219264 -7.9482809775644 -18.4144638247698 11.0084656165885 -20.8125083064964 0.608264245850182 -20.9370489378311 2.75820154962653 5.59817143210687 -12.863105438678 -11.0760451905634 -8.64818333346075 1.95693369273957 -12.6734762782888
Fukomys_mechowi -57.7273206013199 -36.9395671505289 -17.8305475745459 13.7252223834761 -13.8830983221487 -0.141823057339056 -23.7615119995348 -6.14094473060179 22.3819346425255 -8.19025110900463 -11.432259098215 -16.0971661995257 -0.00288665062281866 -9.38046517720545
Ctenomys_knighti -25.1895091004085 -25.1600323266967 -21.5939662661096 15.6492806468056 -11.4692270400276 -2.20875694281953 -23.3721740695315 -2.92912425134947 8.97853474967066 4.20535239376197 -5.29095761927789 -11.2191119946475 -4.91037911967848 -5.39254577696208
Cuniculus_paca -11.5823184354342 5.60303033189476 -29.8657229987409 16.577615377605 -14.5458864676992 -5.43433004080545 -10.3469855144619 -8.800135639261 5.70662554291921 16.3244782295107 6.62155685993666 -17.5888477328239 -7.76707621253155 5.57832749375752
Cyclopes_didactylus -8.38044015553552 18.8257585744895 41.9443195603635 -37.5813869215086 -7.60838475943043 8.19247993213438 -24.5797647639557 -20.16397082136 -3.901316180055 -4.23555345409339 -10.8877820134432 -0.398894894756715 7.93880995519572 -4.55996413334152
Cynocephalus_volans 5.15010178847009 2.05788277833471 -31.2019741305633 3.68328974104775 -1.61260545724812 -25.755182795633 12.1648020703804 18.6367073313921 -7.36099874674371 -19.1127744816411 -15.2780295694983 16.1565313119427 -1.60591290891129 -1.65305905971767
Cynomys_ludovicianus -32.4089533274045 0.463524151288469 -18.2279095274759 7.35308565045454 -11.7384573023357 -26.4964314548263 -11.4222551979294 6.96854917108266 10.5585712543135 -8.69154227788651 -8.00316488006155 6.71094480340947 8.82621109757272 -5.01937852664368
Dacrytherium_sp 20.4943759936024 0.945593419285367 -4.52104551491674 5.53890857680144 1.9463605011654 3.94842403299419 12.288025951706 -3.44442057931764 -0.616238596941995 -0.895048704714888 4.52238012304051 4.01056754844363 -6.75299948909144 3.6731026877146
Daphoenus_vetus -1.9370374787793 -4.3585780548828 28.9313503721804 -2.68392150369834 -4.27906204875302 -0.780866994989592 2.75173883357824 -2.18108707886487 -4.20117840948568 6.998367009761 8.77739886587596 1.58022502099477 3.96414368687629 2.0856698798424
Dasyprocta_mexicana -2.23396619893467 0.789524716887225 -35.1670093621499 8.46815414951975 -1.28482097503617 3.37436753764272 -19.5467720066304 -12.1957253078494 13.5405014597913 8.87842864574709 -18.1488067196642 -6.81849360278643 -1.52307703600283 -9.05576749154859
Dasypus_novemcinctus 45.3061811185441 46.7301450883126 -15.1491882204344 -7.08589387262552 -9.85107332457719 18.5253491306578 -15.3521697668663 -2.03634654235892 -8.41878236405002 11.8593737146721 2.01917950713284 -9.60170549536028 -3.19398239530993 -3.38823725503377
Daubentonia_madagascariensis -33.8320867611582 -35.8104136540039 -4.61682443067854 14.847855298616 -13.6164278595798 -16.6703623527876 -18.0369591896646 -15.1694107604797 4.647678776387 12.3888894159317 -11.9478723056751 -2.41180909340279 12.071797572128 4.47856697778678
Delphinapterus_leucas 43.5267333438669 -171.050405670989 32.892343129185 -25.8933309960086 42.1718508156194 20.6892949941567 -16.1378957015582 -26.6262378918623 -7.14186813036111 -22.3145378713649 21.1157837852303 22.9040509039486 -7.63976344598689 4.53176530567393
Delphinus_delphis 83.4900839580436 -125.494951352829 61.5859059273776 -10.9353804164988 32.0012254383514 11.4790651649264 -20.0069212894634 -18.5368594129444 4.80648257084989 -23.9231417316327 13.116625421514 18.0473552610501 -4.62648833388988 -1.77262482843836
Deomys_ferrugineus -21.9565119961095 3.07658888844409 -0.704880456107507 2.42318708084046 3.95384217304386 -16.2848935468351 -17.5882562922399 7.23612015748285 -6.11276821452572 3.710926918214 -10.6884370064405 8.44324567615372 9.83412924353202 -4.03526679316036
Desmocyon_matthewsi -2.5128608780157 -4.49452142247821 4.87111204472185 13.2290960002971 6.2993747475483 -19.7586637725668 5.16145988852966 -1.78201827889287 -4.63985285935844 -8.21712615774979 2.05457686691839 2.13320486735972 -1.35991141091446 5.81039298445981
Diaemus_youngi -40.1167618648376 -27.1773358877703 6.19065290844151 -23.5434005157372 9.68951733142775 -0.427079626526144 3.44405276305584 -23.0072900930173 -2.21678990494473 9.53310866626393 -6.58435590084954 3.18553723585419 2.91252170822295 1.5305617232239
Diceros_bicornis -3.63851790374023 -18.6036937638723 -0.887227306085493 2.26867126706932 -5.61627339862297 -0.395487305726712 12.590200615758 -6.32508607844085 16.0970651304497 6.38156801696477 7.5435965043418 3.2379197991401 2.33580227418375 3.22484182865182
Dinictis_squalidens -10.8073303945974 -23.3756116001389 -1.38422555998507 22.2202637457987 -4.64779500422207 -25.5475997513097 10.7036336009138 -8.47182491273324 -6.53127994663907 3.47587438616664 7.72080356595359 5.38361132783335 11.589693438599 4.5042955333102
Diplacodon_progressum -10.1941822332441 -17.3421093398299 13.6951744858221 -21.4535654356717 4.4717146998649 0.919780596282353 16.6959773958567 2.95496039461314 25.302317561051 -1.77950457101933 0.0035506525526151 12.5728776090399 2.72319170962617 6.85701867578609
Dipodomys_ordii -11.4041167673902 9.32910832168847 -40.3166545208399 6.74482106942586 -20.6506810815633 -6.24999403576965 -35.648069870742 1.58968444328644 7.40570083237665 -3.07352670987369 -14.0617393137804 -24.8590872701826 3.25030103424526 1.74021862570246
Dobsonia_moluccensis -1.69730595214185 17.8705364901527 7.46666685789203 -14.1507234945432 1.95034529988944 -14.840616035829 -0.601486944499242 -6.30924749198788 -6.97742244910106 -15.7181769512463 -3.42614805442179 0.598562061099889 -0.198350702150802 -5.36063455818842
Dolichotis_patagonum -3.8911456034944 4.96173741929808 -26.6090970376803 -8.95949396046106 -16.0163700641323 10.2871072300479 -21.5648299589134 -14.8584645017736 9.0811901688864 16.405440762446 -22.7855787681574 -16.3846795289582 3.87613353648415 5.22305644937027
Dorudon_atrox 28.7014657921299 -27.5489262774525 19.0731935700219 -22.644505979602 33.356202187617 -2.45861348943463 -1.72869997634766 14.6112128006605 0.441893820441446 -9.71692427777669 -0.81042941024183 2.36722197016197 -4.24874105348083 -3.53461206816768
Duchesneodus_uintensis -29.1733439508942 -10.0915303394884 -7.58085453449933 -8.58216741988522 3.00438748097718 -9.65696664042639 12.096217621345 5.02150384856291 23.0014730874917 -0.574791747357135 7.28029896958524 18.9171414898517 0.462141957440083 3.01608958177639
Dugong_dugon -7.34812234372946 -50.0242764522763 24.7307039555153 -10.6233870087177 -24.0817816495949 1.01910366126793 2.67514180176318 -2.61070989185466 38.3544294535985 -3.68004776375914 19.6064910822495 -17.5924561873027 19.4844427672834 2.23083605833741
Dusisiren_jordani 0.976335756347699 13.8813792643997 44.8841949267014 -43.2420729609852 -8.77720189730207 3.53595111696381 27.3381384606334 -25.3807182139105 31.7823189906603 -21.8371306940744 4.93728420503674 -2.93525626969797 2.01858760844249 2.33417730543021
Coendou_rufescens -37.2037232381868 -23.0729163294412 -18.9995784507332 18.6251010090541 -2.74816935857894 7.64522049925587 -18.1526919445599 -14.4850518102284 20.6580107642762 0.332580506979138 -14.4290387045794 -9.06471742333055 -5.91429333461387 -3.13510468668849
Echinosorex_gymnura 19.4906073919898 6.36887986920626 0.0496212319023121 7.48408694723317 11.2536719878719 -1.31030616974146 -0.343266332384788 13.2207723242698 -11.198941267956 -3.84062167163191 3.66531778193689 -3.78546808032636 -5.71180626142506 0.457969998071808
Elasmotherium_sp 29.9763712064557 -8.09552033088546 4.20419966433273 -8.89548929159075 -20.2019927371672 -8.42145988083067 -11.3142439444978 5.89879464041173 -7.13971227349319 -1.8173935310703 -7.26954842456408 3.69738155702646 3.98375098803758 10.1649711148255
Elephas_maximus -15.8483252955307 -46.5558422073367 -21.6891964317248 4.76871667367227 5.48126896937112 2.61756493383485 3.49177081633155 -32.3123396838957 35.1915333025364 7.07073721508494 -8.84496630777022 -7.04615627989761 -6.03574261747508 -11.6202910536592
Eleutherocercus_tucumanus -38.0901571091875 -40.5510678867536 -4.0124845036448 13.3957984518672 -11.653809957058 -9.18505341672952 3.25981483462417 -16.9665905503478 1.55998147834465 16.6864905936633 19.2791146951759 -31.7522745542205 11.561145362659 -4.33423237369413
Elotherium_sp 43.159033088165 9.17352287537468 12.1160363732002 -5.14288839415652 0.0305181506043719 6.9278673410058 -2.29210182444683 28.1564241831532 -1.23554611101312 -1.19450342268607 -1.8289817108945 1.32569071350833 -12.6270403568744 -3.74163072174296
Entoptychus_sp -41.4456852081187 -5.62446929037316 7.67629577373622 36.4163683594996 -21.8942954815069 -16.0192593479308 -33.7524073822979 7.62993349570399 -1.34652719742799 3.65237205726354 -17.4279278408836 3.25271000891409 1.52329413841291 -7.30904940437311
Epimanteoceras_formusus -11.4171431916553 -1.0743399629328 19.4130097023349 -9.19552724856134 17.232437954226 -1.97472050287767 8.81801038789945 -6.24424997092116 14.5118202904893 5.50734296185839 5.85805318364143 6.80576155101671 -2.22035359231883 5.83208820364965
Eporeodon_meagherensis 10.1106537652208 10.5384987308193 4.34471307928334 -1.91350916548888 -8.21395148803859 -11.3150327817016 9.73128879656932 -7.32637936224326 5.14319020992304 2.04458910853185 17.9789473249951 -1.025195270442 0.656606497095462 4.11525626637868
Equus_caballus 51.5220181696308 -23.0475586145161 20.4101503731686 -1.89626581818991 -11.2805035085387 -4.92264255933949 7.75054750505869 10.9948937271377 2.2952389666214 5.75794206714884 -3.4820549398637 3.95123171372607 -5.70158255271726 8.6460501960248
Erethizon_dorsatum -37.0336678633321 -41.302368203251 -25.7700114917015 21.5637456078024 -4.70769312365794 -0.270271680432419 -17.7833091817167 -17.9379867370349 18.9055155627932 3.11172281003837 -9.39577188065888 -10.8995042189135 -2.38686100583381 -1.09283704416392
Erinaceus_europaeus -7.6353772124434 -23.1866162134819 5.17237892536486 4.53023965209093 9.96823221131004 0.506389774528604 7.56230419753858 4.47713867427878 -14.7060838200245 -5.63234516950154 11.4670977704329 -1.57749088034623 -7.13372672045255 5.79900500714861
Eschrichtius_robustus 106.550380952286 -96.6012315880232 22.9235204192752 -0.242290090602527 60.0069420548318 8.19892183956371 -16.4053500563727 10.4436027302193 -5.94011554603007 -28.869545766907 23.4051393758424 3.30456763194568 -4.72053085786848 -5.66104811866883
Eubalaena_australis 117.061642041023 -67.4509126616581 -48.6181454558952 -18.4684791524729 67.1704488528282 25.730844522773 -17.443662169902 26.6591109162093 15.7846416326857 -30.4587895097137 41.2228768651017 -4.47819648637537 3.3777082774588 -1.3837565469386
Euhapsis_ellicottae -13.0418774023128 -38.1754350686375 -73.5819657900362 48.5145788020372 -18.6717872296542 -20.3655637558729 -23.6173397683967 -0.592041036758164 19.8884678676956 -2.20485118710097 -26.7790789613402 -13.834541756743 4.32911349093121 -16.2536113819616
Eulemur_macaco -3.66504110368456 10.5338486962379 5.47329632086101 4.07205135517453 2.84946827316314 -11.6298172376318 10.5820944173957 1.37118660193208 -3.8098351242266 -8.54886813713794 -4.24908325809238 -0.600743827721275 1.80154454685909 6.53155076823385
Eusmilus_dakotensis 18.8462221257385 -36.4476031300906 -4.88461477117714 25.4103280095341 -9.57148319395074 -0.627935550272139 20.5436942619398 -3.32170547924078 -17.8386091384977 -7.48935005587251 15.0599904393171 8.24866118860842 6.97904655881828 2.23514181889722
Fossa_fossana -9.92636425672933 16.9188333204321 20.3884479805538 -2.69804064588119 13.8437971472871 -5.03963516414198 7.62494733929913 -5.77882129600869 2.65037772921939 -4.01967501846267 5.84274897358033 0.102166538167859 3.38131727911613 4.80303932727223
Furipterus_horrens -0.991762081438719 9.43030933004343 -36.3737118519306 -8.73002985463766 30.248890398451 11.2195139544803 21.6204518671707 -6.96310171914236 -6.1004933973507 11.5175712234327 4.40490825812105 2.3234267254311 -17.9430382625506 -2.4914391405719
Galidia_elegans -21.3461702533294 -2.76229399866692 2.40617199002663 -2.09234044847648 11.2857934040611 -9.54588334889367 3.54689651926681 -7.56856534912342 -1.88884318836701 -2.99097967252586 2.67992999736321 3.37498574042893 2.67108911413094 3.38347994808012
Giraffa_camelopardalis 26.0166774816154 14.3326902956295 0.0282180284189725 12.4352825434547 0.740120454974549 -3.34121583162943 2.38439333390048 4.03903513194747 3.97746091971151 6.19829219160966 -4.22726151306428 3.71435043091362 -4.26917398167267 10.0149121671218
Glaucomys_sabrinus -52.0105335562012 -13.1934943829833 -2.69281378208869 7.12470302433992 -7.40987146145379 -13.2702431847656 -13.7419355751718 0.420951979828454 25.1026609414791 2.21139739732111 -10.0976222662314 1.60932620766402 -0.701656152145172 1.24485137108467
Glossotherium_robustum -22.2784724181344 -19.8879536212924 8.40774487702429 -3.12220096341601 -16.7361399943446 0.985755145578609 -14.846651962312 -0.837922503011318 1.54059976244827 -3.25023511601701 17.2419488402292 7.78155472861526 1.29968026465859 -15.3558669566302
Glyptodon_typus -21.4991190639896 -75.4288947292544 -39.1540275759355 5.60718666280668 -33.1255485001409 -11.0703445191571 16.4175477769523 -10.2104750199219 36.6830191011194 18.7097809060455 13.6748121037934 -35.9501557378999 17.012431905861 -23.0297942698413
Gorilla_gorilla 2.97502919522312 -57.5916228215555 24.4948904278326 10.4203686271769 -15.8024384316085 -16.50701505523 10.9923030680133 -8.92047324440006 -26.71200538489 10.5501640070116 -1.97622160562949 -15.531142642978 -6.15252393500652 2.97967168319354
Graphiurus_murinus -46.1612501290551 -17.7968987358639 -15.7248324767097 2.87711584460034 0.94497282579308 -11.3295501549027 -27.4946698437404 6.35947867541555 9.71939772916521 0.0367901324075126 -20.6164701574956 1.72052765723482 -2.0727059535354 -5.80301896088278
Hapalops_elongatus -16.3778917179751 21.39316337113 10.5631492371076 -3.48473626757075 -3.21748953018455 14.205715034412 2.82146811900436 -13.3455772193245 7.19921108038526 -9.28973972061034 -5.63376184140335 11.4891593203764 11.4266835623737 -0.436570175592036
Harpagolestes_macrocephalus 8.7650538771471 5.89094511720375 38.2312244196329 -20.4191695526243 -1.22225203917931 -1.23483947685403 -2.60759688838534 -5.93386786192631 -8.52910502631587 2.35233540781419 9.74481493618346 -0.984245269150109 3.43122172205541 -5.2869199667548
Helarctos_malayanus -26.9157628910189 -35.2128272351894 17.7217064031483 -16.7060227255103 18.9266114134884 -8.06319965922718 -0.727363185041241 -9.42002476316608 -8.48761622534306 0.953228202964859 8.34291578837649 2.16456761413761 2.26175156579941 -2.61379819257846
Hemigalus_derbyanus -9.84565781966036 11.4026768868366 17.031268024995 -7.90377343124987 12.7647038081507 -9.92399375270508 2.02632595677512 -5.7975033975298 -3.5669950204376 2.06800874100832 3.30699390947205 -0.570116306512026 4.67875468625009 4.32772056201414
Herpestes_javanicus -32.3739380998397 7.61902675255382 16.8270707813649 6.73450316923112 12.1331465048194 -15.1432257653597 7.42883155003234 -6.67268918108069 0.507467230932736 -4.77861606017326 4.86175695476218 3.11761986343904 7.31805008616631 3.821080925995
Hesperogaulus_wilsoni -30.0967282367184 -43.259610723037 -39.0396806621786 13.7225808347588 -15.2794810695858 -12.7949041545638 -32.417506816719 23.1877895071755 7.97814860717299 0.392341862699595 -2.74617502191906 -12.8307813459007 9.24507895599099 -2.1591915866915
Choeropsis_liberiensis 26.5902668836262 -14.6172456817656 12.094310575046 8.88680346640487 -9.65317004859723 -13.4505372569711 2.8383607282739 6.58638680882293 2.00315718677286 -8.71876520447148 16.8491772205865 10.8580907966409 -3.23226349648667 -5.29410541719679
Hipposideros_armiger -5.57784177737804 -17.1030178890118 -12.8188790384874 -9.1863982309191 4.00502304375496 -15.9786811349256 12.6015214421511 -13.9903320049703 -6.20917606124738 -7.41995553545255 0.0232652743119785 1.02157064684846 -4.34374830392951 -5.7533207248733
Hippotragus_equinus 35.1796749549114 6.88970658145596 25.0573857624237 6.28813515260377 -13.1193573248362 -12.5179078483849 3.04075167605505 2.47943022150832 0.589402873752313 11.2274573901647 1.44528085120627 1.15148902360023 -0.907519289200836 14.4949783396075
Holmesina_occidentalis 20.6509483264733 21.7800390199431 -10.3518934977102 6.40745271008592 -14.9201248882863 24.8526103359452 -0.645046483778734 2.24689542288993 13.8459190387758 0.542695984248574 9.81506214147706 -7.14534235210339 -8.5872190322951 2.37728003761274
Homocamelus_caninus 53.8804533940859 -3.40382157007923 20.2032874629383 1.54297438170814 5.83653457009002 14.8956880583151 0.579204740201291 -3.09248104678316 -2.94771358700529 15.0844193140761 7.31855161772379 -2.94777063900917 0.748932720817926 8.00512255146976
Homotherium_sp 10.5987876225286 -40.3628775226091 -10.0639624607871 3.57081876489546 -13.8750387029302 -23.5454204152016 9.26907594817395 -3.93078553072622 -10.071676738444 2.82604143499287 1.10441747151583 12.0686334059017 7.47980186685926 -4.03845930262599
Hoplophoneus_primaevus -6.79955078535253 -34.5479017319424 -12.2538902282359 14.4843908073848 7.67875694520384 -11.5617541116833 6.59726092798429 0.591835492329929 -16.4798527576234 -4.15366196406633 7.25211745454653 4.20307107137801 -0.0647611217225058 5.85977996811293
Hyaena_hyaena -5.68237239406944 -2.8230798265766 -3.72578891179652 1.7517924725239 6.29014411096889 -16.0807980958823 14.259554467466 -1.85473829695299 -17.0407932666794 -6.68413518552651 3.53322221358048 0.814720699641435 1.62198442262896 5.79556521081839
Hyaenodon_paucidens 13.3421684320732 12.6933065222173 -15.279624345432 3.75778012608619 2.07384896510772 -0.191615781035024 19.2578302378075 8.54400559203029 -4.43801598903259 -7.18973610772838 7.41304245937773 4.32050525652682 7.84971673992132 1.32568828824115
Hydropotes_inermis 14.3569385591847 12.9125691265952 -3.53439758098195 15.1395152491813 6.00922823289647 -11.8702206868067 19.8533809408759 6.15293663631559 -0.30868816444905 -6.60037297353085 -2.48741998999688 8.85995750799332 -3.29926477769147 4.11206086692844
Hylobates_lar -28.3262896873608 -26.6984916059443 6.11994048611573 11.5341543509677 11.7552587103526 -15.7808541466414 7.55023858775439 -11.3556946100644 -18.307851664398 -3.03519475475748 -7.44999382755956 -3.96539007299954 -8.19291123609592 8.1794464168176
Hyracodon_nebraskensis 9.40781018465595 -28.16517344206 3.12342080221869 7.90187744393428 2.67700113769888 2.59303304371011 21.5556012229308 7.17980191284089 14.6114612308183 -2.17310039593509 -0.719753080456624 3.14243235990519 -6.96166234268457 11.3920199412916
Hystrix_cristata -0.704107088189667 -51.599726517125 -34.9605848696283 2.62121440407147 -18.8256790755369 12.9492112658469 -16.5897888150994 -22.8353997725428 36.5215346274326 22.1174247906064 -21.704529594514 -8.43065465222498 -3.96818782030123 -7.93291069001051
Ictitherium_viverrinum -0.419436587775676 1.95599320040336 11.916050282126 6.53967308798447 5.95338421767821 -13.3066992801136 13.4080781237428 -2.0484279282633 -3.27418843546678 1.97742070440463 9.56596048498627 -4.76186363610159 1.35597263642878 10.1320511644458
Ictops_dakotensis 15.2926639505647 13.4828766291818 0.866563411130808 -0.113066290287967 2.09951365653197 9.7614070231971 3.34913757835156 6.05534980930198 -4.03646379738683 3.60082264496391 1.78511499723734 4.00885694996327 -1.29283192983922 3.75094113396056
Indri_indri -15.7859738357881 -1.85851529466726 -1.66012940209005 1.42702587186774 -1.99740566454484 -10.5148650180728 8.60273675031096 -5.42760001219706 -8.86767918820457 1.23471643973487 -4.39539124795208 -1.7741524907797 -2.3700704966571 3.93440509691702
Inia_geoffrensis 84.7727892227841 -117.182173636356 71.8245511772787 -4.64789772710698 45.3398019651087 5.98186048555877 -16.9754585238911 -4.19024580734822 4.93419568014848 -24.2971140631975 3.92629005619942 6.04947747069146 -3.49034918793836 3.05338387331673
Kannabateomys_amblyonyx -33.853087467562 -13.061820600419 -7.25604677682266 22.0863837734394 -7.69597998018764 4.25079680095736 -14.4009139198875 -13.3505938439804 13.5994078973834 -0.335180916973968 -0.147725813993208 -14.947105331657 -1.64687901985269 0.19116125853798
Kerivoula_minuta -4.45782180456794 -24.4622934299116 -15.3096580573967 -24.2045173131433 18.7661061194704 19.2774306124017 29.8189265101768 2.52621780233157 -16.0383300496137 6.09968021561834 1.61524937967796 3.94806132577911 -6.97270117341829 -2.10602240312571
Kerodon_rupestris -9.34055781846377 13.3912270985126 -20.2818949816547 3.55180754081362 -12.2035497148614 16.846205891081 -26.9822828041253 -8.77083945044477 8.3040747589905 4.54479425794026 -18.3282934861874 -14.8786087409326 4.43514332811535 -0.942985281207338
Kobus_ellipsiprymnus 38.5868493047039 6.19565133344836 17.9099135719544 8.01625778255663 -13.2639549709943 -17.9782855062251 -0.215453637201669 -4.83573484380506 6.45543545122517 8.86903062625761 0.989171860025052 -3.66689666559895 5.0690312392798 14.1831966136446
Kogia_breviceps 65.9467351053845 -101.26080460286 -28.4743078681248 -58.2852006286201 22.5621304021005 -4.57157602021205 -37.476427370277 4.04072177839597 -4.54261011650981 -32.4729551057102 3.60293329357641 -28.1764327183119 -2.8632726267336 18.8345770636176
Lagenorhynchus_albirostris 43.7023043071979 -139.064119131073 30.8941694534524 -27.0528796607195 24.380751560546 24.1162065493003 -19.0266078292722 -18.6206239300882 6.35610744960981 -10.488687337873 12.2660344893327 27.4157575137461 -4.76120077691961 1.1724767819456
Lasionycteris_noctivagans -19.3915072275714 -4.81616881815284 -21.4222819663986 -16.9641959140971 12.9299758584154 -2.83079679153146 21.1549197957842 -11.4367113264043 -0.149977979976592 5.76265345932771 10.740372465117 4.21957973493613 -12.3172980569457 -0.0644512438492909
Leontopithecus_rosalia -30.9277166373967 -14.3614818315417 -11.4805217941054 9.4520364756611 4.98247926055598 -17.9326333902008 4.23412205814507 -22.6140927256291 -21.3030475126618 -2.43622188417047 -8.03130552347481 -5.05858516232585 -3.17702092077115 -3.21657036522848
Lepilemur_microdon -1.99613314684958 7.43094352191571 -6.95916352911725 3.20372909254101 14.4289127088329 -6.62577560944848 8.67747434293274 -3.19442265060151 -8.12053043036397 -12.4452726139147 -4.23274618608712 -0.632640413629516 -1.26776505125438 2.86336710395963
Leptictis_sp 14.0830170940284 12.2959014124849 3.45565755983203 4.43016459494289 1.77239092100988 -2.54924272853721 -2.18213768149348 9.7207881471401 -6.24677384293867 3.95902801212192 1.85632255747477 2.29446461312537 2.12097542687164 6.19364210490988
Lepus_californicus 2.5898582028644 -19.6750429072487 0.0953408999155229 -3.11498981537451 -29.7584000622399 -0.349954034266174 1.60696968358055 -6.05448482896863 8.74750924939689 5.80525690098746 -8.97053695756444 -4.69880467619045 2.2960969882733 6.92221287941748
Lontra_felina -37.4698889417758 -10.1040386699905 14.9210619231098 -15.0213458965245 4.0874124102634 -12.7777998169575 7.09525527940889 -5.43206358654523 4.07699282553056 -4.82840945022581 -4.1289960811295 9.82639656228812 5.83516567557331 0.0598436770718669
Loris_tardigradus -29.9853930923068 10.2953607010376 0.703374483070644 -2.33630957285257 7.51775849729621 -12.3694121161102 5.98535596776253 -14.6345599919929 -8.64955097494106 -8.94959545103093 -7.8253510606055 -1.12281541875698 1.77367701557751 5.78434797573059
Macrauchenia_sp 58.027809851467 7.05117134229756 38.3835506434689 -34.0607812419276 -27.8606784995414 22.019461369049 21.6915207876877 -15.3869736706123 -3.89266141686656 -16.868223102544 15.5909558497806 -2.33813897311749 -2.88868832909069 10.056248521279
Macroeuphractus_sp 2.59554259372434 -3.64615258195802 -7.85973815783225 3.837857080236 -14.2371445731965 6.03329342791664 -8.62221419903717 11.2812565615824 -1.81483489755227 1.86349344825881 9.34539744258075 -1.08071410236768 -2.69844858284155 -1.24329350619505
Macroscelides_proboscideus 8.37202160406388 1.75162049946508 -5.87878691467073 3.28920336095602 3.84946452126625 -4.87333582804844 3.37195347185184 18.3074809348931 -19.4762335673333 2.13472344844881 -9.18846897533905 -4.29928917358435 11.4075792623122 8.81824841810993
Manis_javanica 9.29786728118645 10.5071174378145 7.58339091295419 -7.30160413704942 13.9079735565351 19.3904079802517 -13.7646315796388 -15.3849816264898 -0.299938745615816 12.4349925809444 7.82818860266065 1.54964526041786 1.2007167093157 -13.2593617151145
Massoutiera_mzabi -8.3271433014389 -1.40597443086782 14.3277827662414 2.65653849794387 -36.8571937189724 -1.62264299948766 -28.5806625948564 9.77130737646294 2.37733861340577 13.3110433694801 3.1543539030288 -18.1190688143528 10.7131122278352 2.13422601987842
Megaladapis_edwardsi 10.3860432757109 -1.84233506951387 8.98976614447233 -2.94003275306951 -0.0610620848420444 18.9329179002427 22.4964672316052 5.32805757432741 -9.63629225724225 18.8535147176895 9.73973011805835 2.5782776637283 2.5718316619033 -1.91592713140065
Megaptera_novaeangliae 108.450980160501 -50.9093537867649 -21.917522065111 -45.6098135221564 37.3915327546726 1.26291227312698 -6.59302628511719 13.2929126401734 -1.92658257337824 -31.611939913707 33.3244186353454 1.9303670910436 -4.34325481512763 -8.10444050371662
Megatherium_americanum -9.35673495081095 -28.0770625423843 9.7977947862562 21.8451106926503 -19.3392285041331 16.0947597660639 14.093834746124 0.629847580181675 -2.95087150223911 -4.37516090768469 10.7486476063668 4.95497938437711 4.17791802522486 11.3290848766443
Mephitis_mephitis -18.387674703245 -8.87479328142842 -8.2978619170758 -10.3687898868991 -5.66208568027701 -13.4935219049598 2.66804323827035 -3.95179155355109 -4.62583777152403 0.0850916262493456 -4.44841585895132 5.99924590886541 -0.532456034861429 1.09322610887711
Merycochoerus_proprius 19.8333243218332 -12.5554445712922 -1.07416041473403 -8.6300887296777 0.570034800567773 -22.571185609033 16.8182023930156 -0.359952907501363 5.98981610522097 5.74370035387791 17.3851873205312 -6.92300345564255 -5.30484855020745 7.40288006368264
Mesocyon_coryphaeus -5.95190563035055 -8.65773827143349 13.1742187981357 1.45687616700386 9.35524890957844 -6.5464630854625 6.01234841257714 0.902578868087512 -7.67314345629877 -0.361158170392907 5.86434430944082 0.603154634018581 1.09740258460329 3.86251281821043
Mesohippus_meteulophus 40.7112711429188 4.64815565465116 10.9730632847312 1.18144491468429 -5.5956907785636 7.1638341254919 14.9158709983635 1.12681134713763 -4.3547533836562 -7.8510283384568 -10.9608267772034 1.7030670993852 -5.50476387426526 12.5661794592478
Mesoplodon_europaeus 70.3251535922878 -132.323939687129 37.0025634471953 -7.93045276832358 34.7547261208566 17.5006330937194 -41.8606606871992 -16.2577038710759 -1.54456168762227 -27.2825182890743 22.4814712381735 16.8674805622195 0.765996692033883 1.60970694714158
Metarhinus_fluviatilis 1.3073349434416 -40.9327144677575 3.15857399812346 -7.127563422688 13.9092359988739 -0.874654354322141 5.61707927683146 12.0438426518624 18.9226933597916 3.84070931458675 -6.71564550654013 7.33601120569744 1.29961785609384 6.19623775403323
Micropteropus_pusillus -0.434842329551008 -2.67331242640151 -9.37000202357313 -16.3996299914585 21.2974534946587 -7.2973594585252 -16.154437645214 -8.60766087296261 -11.9415362713559 -5.52883773852466 -5.00603006956278 -8.02471162779925 -6.86637576736279 -15.5537571827284
Miniochoerus_gracilis -3.60892554305598 7.81478418591943 -11.1697550051154 10.8883248672308 4.28323448622262 -4.72763644078721 6.99066794528059 -5.7090918346882 4.10326317772398 1.87679890202986 10.9000445510403 2.55677873189018 0.0537486284827359 6.15991012786516
Miniopterus_australis 2.55710582667303 -3.31933266943425 -30.9451138942653 -12.8202657753764 19.7479744360003 12.2137064336931 23.7558230650896 2.61715230848334 -19.8355245364777 7.31830030108047 -0.887388528281904 8.52790894182321 -7.20372081897816 0.30120103087167
Miolabis_fricki 52.9689734627147 13.9253397786513 8.73956046458944 1.12593867571473 6.31663818120873 6.35805310734863 3.58845560899683 -3.43190697922324 4.12067542985618 10.8799229250766 1.94708404022307 -3.95732254310982 -10.0363886704942 9.13255567998709
Moeritherium_andrewsi -31.4256053185972 5.96153804138978 -2.46417153217364 16.9059687694126 8.17273392777706 -12.223097803203 13.9453913147986 1.49322724079898 21.7755110784318 -10.4724112685117 8.94738791024527 -2.19459487863071 -6.9129589888371 -14.9337798442111
Molossus_rufus -12.2644934008709 -15.8543971273615 -25.4793709479175 -11.0656040482452 9.90374417634698 -3.79099192853911 14.4890717484378 -17.8687909892275 -12.4462591834645 -9.0516254262842 4.33365783178354 3.07822956741334 -9.28401806824304 1.75384145749679
Monachus_monachus -11.6782350853145 -17.2793558868673 28.0319892446191 -15.950077733426 13.341901402383 -15.0037353561369 -5.40155688256696 -11.8240152551265 -13.4818192407122 -5.86241295575087 7.3582169173681 5.23278297096261 6.44293383905314 -3.05324720081049
Mops_thersites -2.8592709156294 -13.5801644285072 -35.4907660606997 -2.38444782817468 20.6812309240543 3.11551371606483 26.5371835810635 -13.83638809248 -10.2675198968399 -4.86896878045873 0.783482856046266 5.05801892111062 -15.7130748564989 -5.37837203193685
Moropus_elatus 34.1737508714088 -12.7572104099189 4.17049752516362 -8.6161089562299 4.20493708397221 9.45969663525127 5.83306317305467 -10.4551244030451 -0.0595323962671311 -3.0344673513525 9.09586828513597 5.81961117007174 -3.09873257330421 2.3267021156792
Moschus_moschiferus 31.6719665097636 16.5682694926496 -1.85241329993011 -5.40920467400395 0.856017736741024 -2.05348326130725 15.1486387100031 -1.0550729449795 6.30029317510178 7.62678164889454 6.88636923456738 3.69362358609629 -1.97866169326622 11.2797870420375
Muntiacus_muntjak 17.5986669970422 13.6958285292349 1.93612437343928 12.5002360688501 7.20283787667883 -16.7495005668758 5.53969676155144 0.623498848214535 9.79182270343206 2.42436367082745 -2.91919437583514 1.92644833272424 1.68643635047725 7.76783129620467
Myocastor_coypus -14.0736258993614 -26.7917435766406 -28.8177053437 15.3997730838843 -12.1533647190545 5.7492571507704 -20.7845068807786 -11.6936485406257 18.9436338570935 10.0951171947275 -5.87457144010155 -10.3531367038132 -0.105769829128816 -0.506721431956889
Myodes_gapperi -36.2246128124716 1.01017908442875 -13.8731768650092 18.3071995100409 -9.40228754358447 -11.734857093178 -18.0162133311492 4.67867562049946 14.9416931961102 -7.31451739910898 -10.2979863608549 -11.5955023403416 -9.01932148139118 -6.36849296121443
Myospalax_psilurus -14.7667411264423 -19.6293274760294 -30.9161237940389 26.087298240018 -16.6334023856801 -15.0692925445545 -27.2597194875379 15.1092687236419 9.3999636979759 -8.01551620792327 -9.76160576236005 -18.5326570345115 -3.26059695991322 -12.3213596589884
Myotis_vivesi -7.65763206218855 -0.572431024327014 -28.4354796251857 -7.48960980463293 28.8620984889692 5.72849100051455 21.0056437990821 -1.1239792270226 -13.0377031042797 7.89938118948495 10.5434917650485 3.98100967886964 -8.70982699717055 3.78280298969948
Mystacina_tuberculata 17.2848055613482 -18.807489150796 -22.1107084129731 -17.0106842615358 14.9905821217877 20.4289234401156 11.2479981083434 4.30852378660647 -13.2501765763078 10.4978571250812 0.816039891191952 2.72606449815179 -12.6768714623326 1.8156550544883
Myzopoda_aurita -9.02298016456428 -36.0445163907779 -20.8305127208593 -14.9101920937265 21.4280179771747 23.4908673263639 23.9831163469591 -8.88622692605135 -16.8221855395921 0.370486354956484 -6.58438018459084 4.56789951363963 -11.9854685298521 1.25800243016455
Nandinia_binotata -14.6112492294974 -7.95481395603078 15.8715013069256 -8.9905159955495 10.6326086807977 0.358100968178882 6.45628695895286 -7.32678568225482 -10.7065997924044 -5.4028461275048 1.50203807762567 0.603174032712713 2.75510581039083 3.21138535748829
Natalus_major 7.57884287451617 -9.39510593521504 -7.26762718169332 -11.901627225873 14.9963051613598 15.2348226796224 24.5623981123361 10.7263663470835 -10.6538729475686 13.5357573415103 0.130473414130891 8.31002355373804 -8.2312018175309 5.68198885153187
Neofelis_nebulosa -18.1537825750762 -19.0092916334104 2.3418601001742 1.40728729673266 -3.10379178013665 -14.5173927772295 10.4283296999141 -6.95728962311075 -16.6957469368857 -9.57742960010358 -2.35678308648141 0.491161983899714 10.2717084619186 2.31054333817893
Neohipparion_affine 57.8901719458197 -14.0353684012466 13.5217422576962 -2.96059460859942 -17.315446741433 15.6895882801704 13.7756854384923 9.20218362034246 -4.30390754004686 1.5094664528937 -0.830595161332766 1.1492221059159 -6.34011692687461 13.2621974896975
Neoparadoxia_cecilialina 12.7350920647141 -51.0273811843113 10.5804957498074 -2.49024564410492 6.87899649975134 -26.2662642965704 3.16312628398536 20.3902606091275 13.6341134956665 -15.9306946834418 12.0439565088925 -1.69614533330349 -1.93972622834737 -5.62081218804006
Neoreomys_australis -12.6535916018511 -13.630431746939 -25.8733806215798 8.10789867418061 -12.7079288594704 -1.42515754595385 -12.583975300136 -4.14955774976259 4.90587324707346 11.805391404693 -14.9718366011753 -8.12779935285819 -4.01193558084553 1.07720220192055
Neoromicia_nana -9.4980010749481 -13.7118330602623 -29.7574833607617 -25.6470717687026 20.9461995393715 4.63850285312598 17.4720984829605 -3.53527057079273 -2.4532396790823 8.04590267906332 -1.78293918226741 4.2596888518984 -19.596661588278 -2.87782216749377
Neotherium_mirum -8.63023984898743 -23.3736739622997 27.3998278855847 -16.5839786648862 16.4636454368724 -6.86059171645484 1.34433857875657 -7.33528141586453 -10.1560841307516 -7.96482456575304 9.82713447394651 -3.84178013083436 2.92541122571408 -8.68140278086446
Neotoma_albigula -28.155379951233 8.6412493648139 -8.84276913307127 13.1666016971259 -7.93749659164418 -8.01697542151458 -22.2026898170945 -2.43495891484482 1.52081835294056 -11.6925201149638 -7.85877286473648 -15.5069010986761 7.41385268975539 -5.70885397953879
Nesomys_rufus -29.2146964164097 4.70257233410981 -26.1898031951833 5.89345518631076 -14.4547968860893 -8.35415548809762 -31.2922202871732 1.90781284196961 2.56646794503928 -3.4035610308339 -14.8938428096216 -8.99347360283381 -3.06602129392679 -7.00124021838654
Noctilio_albiventris -1.86098836817995 -24.421510360789 -58.001510180242 -7.05607644519529 20.6168315932501 13.1642382350712 19.0610528117937 -9.49642126963149 -15.0674687391451 2.33609183398466 9.73906334019176 2.28697720109439 -21.9699760268884 -7.4703286016009
Nothrotheriops_sp -13.9855878907489 6.63975353739454 24.5786406100249 -11.4817383255746 -9.16133965416696 18.3861126034533 -8.03482461790787 -13.3778101662054 18.2229115936805 -7.53683451779292 -1.22158740322193 11.4954370064217 -4.2665746993834 -1.7046532958457
Notostylops_pendens -10.3035062726362 -13.4893932332939 -10.548049945161 5.57958974049622 -11.4339543992713 6.83038147955912 13.1489638881062 -0.207755574576695 -1.13492792046539 -0.914383202333234 -0.659419318087295 0.534369819106154 0.0349042452188207 8.77418359318865
Nycteris_tragata -13.2875763054909 -26.0433887322713 9.10807712304097 -12.5342456499323 19.5617176316828 -25.5770354129902 11.7818430044433 -2.13630575997425 -8.10605617623351 0.737709521904627 -4.06910495861938 9.26016617581909 -4.21426356103563 7.49228927410366
Ochotona_pallasi -30.0287032029467 -5.36978527423139 -9.91424647721555 14.0021948719965 -5.38028536414239 -14.0933596680514 -7.83769867065282 1.57970876968613 0.555595472505366 -2.83931094402212 -12.3305563788255 0.968710839711565 -6.58417469024537 2.96095943527087
Odobenocetops_peruvianus -70.2642865741314 -148.823401808306 81.3181004374693 -5.0264938402738 24.9734581102987 40.8903759199285 -11.9771286932184 -7.52714669307651 -5.75768708377254 -20.9168815452226 7.19372056058916 5.18686264849775 -7.69163991249198 -3.60605218509398
Odobenus_rosmarus 10.5543862454672 -51.5431556062666 -17.3598909251123 8.84379409500019 -14.2785788164181 -3.36109123884039 5.68193945140305 -48.0239903537852 -21.157453029282 -4.98570202754609 7.60458525702003 5.58761127394093 -16.3209832262256 -6.78172214703642
Onychomys_leucogaster -39.1224988488039 -9.42790474503674 -10.1972994005196 7.51087148231759 -10.8878351853441 -13.0416093351734 -20.3961710189151 -0.0792248920325096 6.3674092849604 -5.89370773328712 -8.08599422213981 -6.52501203572624 5.86960668046837 -5.33787818908807
Oodectes_sp -11.6394504753207 -7.62236485166553 22.3517930057928 -9.04069730409383 -3.03770210728044 -1.90966387947396 4.22044496907786 -5.38418250193622 -3.85201309187211 2.12543833158409 7.86775216041455 2.77075371019866 3.75587459776647 4.40732626690432
Orycteropus_afer 37.4800105311818 22.0920038882327 -8.62710344529304 3.12025825982989 -4.30065500180553 9.35962529057839 1.34933336248607 3.43197138473203 5.26493907122183 13.4576799682524 5.08889704491569 1.88908324797028 -0.404301737100258 0.303089770840877
Oryctolagus_cuniculus -4.92492270669434 -8.53472254608724 13.9650219551932 3.37647354563063 -45.5446898743928 -5.44987132392744 -3.84994157692993 -1.59634543482686 -5.4911991285337 13.808217818583 -7.68610131333789 -6.912851695801 5.09723679487989 3.70316909583375
Osbornodon_fricki 5.85582961993688 -6.94119899151172 9.06132987874073 -2.54215545855484 -0.420751756140712 1.32804566288919 14.4093897354019 1.43737634528282 -0.495350298385134 0.48677415910777 1.40627556994658 2.24713813549193 2.98290552190631 3.68251051666612
Otolemur_crassicaudatus -7.14864270086384 2.32256356880388 4.61379744528815 -2.56106063863384 1.90351421392567 -7.48744937075966 8.12902535434845 -3.6075801915486 -14.1550908443515 -12.4719619064528 -6.75413153441749 7.63905855685288 9.74429968847158 4.95448824373102
Otomys_angoniensis -34.3427321954007 -9.26682716597575 12.4409815957498 22.1992594301664 -33.9505965519107 -13.8306470822006 -13.097462612695 -2.35334250188867 5.63613541223998 -6.29693934005168 -9.81784041599779 -12.3328484012142 9.37313270684422 -8.26910615526782
Paedotherium_chapadmalensis 10.4087158063156 -1.06755195566393 -16.3339720894789 16.9931360930667 -31.494101355218 -17.9442098943474 -1.69865792426433 10.0757198171309 5.8519628028451 -2.63301279797582 -12.2775089238417 4.8736098139949 2.3873251654298 7.92705252360175
Pakicetus_attocki 54.7112300149877 33.6670443931395 10.0957129110795 21.6723472149307 17.9659184030241 -5.03900373317892 3.5590861744428 8.04565189555557 -6.85566648725604 4.10608453454932 -1.79223870363115 -7.659034563153 -7.7199534280553 -7.29095892757246
Palaeocastor_fossor -32.0612244646638 -31.2063702611809 -37.6097503829854 29.2264498306499 -15.3765362684513 -9.13767170433627 -16.9183381113524 4.38628440790605 17.9625976331822 -1.8696356972404 -11.6292422525222 -15.8546283181783 3.06911888760724 -5.08503127798515
Palaeoprionodon_lamandini -14.7866308629512 8.26575626343015 15.2496801930443 -7.43253508207202 10.5841708143815 -11.7344093242861 1.6842972901633 -10.845225861589 -2.44401825757146 -3.96805910534698 4.57131975107442 1.75122211773645 10.7050408357735 6.76403491357707
Palaeopropithecus_maximus -8.21327243546434 -0.923744239129451 19.395498829602 3.84927543012652 -4.16030577112748 -11.2617206883335 21.3715444246695 4.04099996890808 -3.31046550813465 9.19144481472624 4.58902140598897 -1.79538629518879 -8.75580295713431 6.17147937174094
Pan_troglodytes -18.256787743966 -53.1320224022812 14.6982636658835 6.81521995641059 -2.56020753938463 -26.2876646144664 5.43366904931773 -8.53071505461728 -24.9061810230838 6.6922206439909 -4.02043628244408 -11.4147317777566 -5.67683593675067 4.91900147621567
Papio_hamadryas 20.4159464619368 -43.0759968033781 30.296669253024 19.9060799087788 -11.2908458366151 -27.4320354570865 4.64176755829032 -2.97636420631236 -31.2666703606703 3.19348914639473 -9.05162290649934 -10.2062033104206 -5.65879923923949 4.80813731079866
Castoroides_kansensis -24.2608468048512 -31.877477647367 -27.179712353267 40.6916692462567 -30.1894860245233 -9.05680817479142 -9.44354936390923 -15.140488087823 26.3425570017273 -0.00956975010368025 -13.2651050406469 -15.3928439041333 6.96446674152416 -2.64082238899547
Paraceratherium_sp 14.7897059007716 -24.4400369952842 16.8364636637464 16.3575583382363 18.665951058165 0.141107286986622 -1.90956688889402 3.13071767195917 13.804951530335 -6.34223833755298 7.55226765215039 8.01001603177297 -9.14819826410831 11.1721777598875
Paradoxurus_hermaphroditus -9.24501085886817 13.5929339778546 9.41825037646665 -9.91587251118001 14.4403034107778 -9.45427227579362 3.5548475433345 -4.57183562071048 0.110469427727497 -4.50449453662806 -0.293295592504674 -1.27939870205487 1.89925772650461 3.29984577394158
Parahippus_tyleri 16.476102008575 21.6582190363595 8.58983235449976 30.8465439477307 -2.47431914390593 10.7857834612852 -0.485424197351846 -4.33602230414311 -3.21713535229957 6.48867032668857 0.0543256152833996 2.1599957361945 -7.97768178655575 16.3660943009194
Pedetes_capensis -18.431767900353 -41.4507744512774 -22.422361872891 25.243820242396 -34.0945446271442 8.49654184607605 -26.0357294838795 -11.2558817355297 23.2198777575797 8.7942732515497 -0.382481576385929 -16.6977995349212 -4.17852613087187 2.86455806099736
Petromus_typicus -17.0284738758967 -0.543965985665248 -26.9118358591031 5.47425171540293 -10.560141140198 1.62593711949886 -23.3113999806464 4.86349653339077 4.52518777254132 -2.80588126464945 -13.1358400244059 -10.1487015716321 11.9216395089155 -1.80167870516852
Petromyscus_shortridgei -26.950443860517 4.14412896797899 -17.331372700808 7.6924917852298 -4.26848689012528 -1.68022553542924 -24.8043900198227 4.10372809289048 2.25746902481043 -9.34298662715759 -16.2458994211674 -9.27539658132679 -1.66684593699913 -11.1207061118613
Phenacocoelus_stouti 9.77290653214151 -7.76175674137127 9.72522845594318 -17.5693725008384 -2.59239057331837 -9.84083590888013 4.17143949861561 -5.20758837230467 1.46112408215066 0.0471110248494741 16.2393360499424 6.28154123586539 -0.123056196626424 3.0475397822488
Phocoena_phocoena 43.1740491360314 -126.34161834487 41.1655668104316 -42.0010321038999 17.5415874951552 21.2635052604151 -15.5835270938627 -13.0880937111736 -3.09268776928188 -17.7921283954672 7.59847021491742 19.2573928142302 -3.30659805393335 7.5484610906748
Physeter_macrocephalus 104.604996571952 -158.427962262907 8.90586296462085 -42.841518955838 45.0067658649129 0.21376782872618 -16.235591639485 11.9484456432705 9.22183992687891 -32.7017089987935 7.28172702629059 -9.74665530962184 4.26582764057067 -10.1209819364704
Pipistrellus_hesperidus -12.1917540255353 -17.5132264123508 -32.0136341353692 -19.4855847674947 21.8300550252068 2.50107014224738 16.5262146694718 -6.61717993462704 -12.6500435396162 4.5965054767355 7.58701439023943 3.17560610612682 -19.4810136588206 -4.75498623391847
Platanista_gangetica 101.401787503794 -132.229928919469 68.4824343817913 4.67521168809315 63.4886827879919 25.6585744546013 -5.30322409390015 -8.98168863317974 5.49919754446039 -25.5208029496172 9.9679003339567 2.75360781712591 -7.31578673882381 3.27566996384782
Platygonus_compressus 66.628996119994 3.48052574412161 13.2829464447774 -5.64453877364102 -29.6967283935494 8.14461630996868 -1.56175462169101 -2.04921892702661 -10.057267333059 6.37490691885394 4.26746456125146 -11.2681181304317 -0.44419887580922 -0.291136530486083
Plesictis_lemanensis -20.2720823161587 -0.495652681046309 16.2908357376339 -2.2218681007552 4.09574812693507 -9.46871285210501 7.4378404898491 -5.82665585897555 -3.6159240630561 -2.3518480734587 5.24805115813042 3.25553679847003 6.15960128822249 6.27107317218208
Pleurolestodon_aequidens -14.5223349054077 -10.1460767563074 19.4846539967579 -3.72201457230851 -4.11871605272027 8.3648465560764 -3.88313178489564 -0.411533966814426 -2.35868255645081 -2.31237693546026 11.6855655781476 10.5417935742875 2.18951446210428 -4.94314244697573
Poebrotherium_sp 29.7932514762811 11.3372000056412 3.77526588678697 2.32840808904264 -0.133598522613662 2.52559432280347 6.53871905019512 6.55640715309627 0.859340287163184 3.20604836533639 -2.62302130400639 -3.02675317271051 -2.07948721803014 17.4565827283697
Pongo_pygmaeus -4.94228731983876 -63.6346085960631 19.905164553625 3.18395716951116 3.63510534576993 -23.2195625872738 7.58155167844633 -8.77471587238002 -35.6230451390358 8.75483088384921 -3.78432646687413 -9.05342689099035 -7.14747556057983 5.86311232161874
Pontoporia_blainvillei 120.231669947011 -113.603453384138 91.093498026664 -7.65909842673094 36.3439521758284 3.01755287660389 -14.3207289953244 -10.68679611871 3.20936391138335 -23.8252868533789 1.50512060194585 5.83197509866978 -1.38860327205986 -1.56144070024685
Potamogale_velox 13.2965778592012 9.23872327033737 2.1435228751788 -6.63954808365229 11.8030975798434 5.67973418645556 -3.43170621137105 2.93178364761656 -19.1836263623269 6.3851280230589 1.73301568295635 -6.46115816218665 2.58826664210389 -2.33308378853288
Potamotherium_valetoni -29.9026777123808 -9.20363077485799 10.1993661362981 -3.88191426656944 12.7163004216835 -3.6037318806407 7.41330189742552 -10.5390827378002 -8.96026775371208 -14.2899328249872 7.64625918455008 4.45604263345021 0.762946744919754 -1.65926105364789
Potos_flavus -35.891180701447 -13.2743815543044 9.92540652597996 0.840016550391932 14.9233824016089 -9.41485630877945 -6.12095370361707 -17.6597172727341 -9.93856838127712 -7.01921193038198 3.4256261235009 0.841663209448958 -3.22328177847345 4.81260656997373
Prionodon_pardicolor -17.8693628607928 1.40032810109624 19.6544027882656 -2.60663263825712 9.69814758205568 1.6725720597881 4.35498513950648 -4.77029286705092 -7.44491083224168 -6.35539715245898 1.35671369746374 -0.18844405387967 5.18383059815245 5.61321389730299
Procavia_capensis -26.456507382727 3.22883227294884 -7.37916085455526 11.0031799526453 7.91636740511648 -18.0266198886717 11.6975499700563 -0.424395191534693 12.2205746074618 -12.0539087521806 -4.83113820733052 1.43726577366922 -8.58388597382649 4.01248809365281
Prodeinotherium_hobleyi -21.2336404015573 -17.9524748211368 -34.8781254809553 26.5815686863901 -7.98022544477132 4.73363420912562 3.54606995676911 11.5556462704143 31.8474282063236 -5.51226301246797 13.0405697062005 5.60719974714881 -12.579983987928 -10.0988535819047
Proechimys_cuvieri -29.6577817329863 -0.593276210691104 -12.8826564018148 6.40648227087856 -3.45605049800809 6.14053777809062 -20.3299232930885 -8.0541322116543 14.1521204357365 3.27069237570875 -8.86322543390043 -7.22966870886895 -3.05126265728027 -0.937230612020196
Proneotherium_repenningi -15.8021520520545 -19.4956345686338 30.0132666911936 -5.71847604329592 10.4211175066612 10.5294416722363 6.39568909925377 -21.1988677514845 -5.42711031475912 -3.03689520231373 6.08082784718995 -0.0096891209802915 1.7413296047034 -0.447129857644206
Propalaehoplophorus_australis -16.4867592443238 -12.1328444353571 -11.6634080165671 6.47471605335807 -16.0687880027824 -0.783515676348925 4.70305475870352 0.363682024198726 22.6265676156404 0.887385574226607 17.5461025022386 -23.5648347667897 -0.361401073528347 6.03135581719028
Proteles_cristata -2.39716691818895 0.433850588347165 -2.44070668700797 -12.659226253616 3.65205434774501 -9.75860302230466 6.33667369430842 -8.90837319766184 -18.0040863680642 1.6496856699286 -1.28821917668691 3.53724973518142 2.21200067043073 0.274475250778085
Protosiren_sp -7.75832550258496 -28.072476219281 -0.595931280279134 -6.72601302513567 18.9307972932066 -0.170229444861246 20.325211030233 -13.1211950512235 36.2252150625678 -17.4985366215824 3.26340576229039 -2.91989076077388 -1.87522917796709 -5.66443414198266
Protypotherium_attenuatum -7.62743230276753 -0.450247414955314 -10.7760816418766 11.1420402514456 -12.0761525431737 -8.45036971443059 5.51614090142695 3.37785654218509 8.4133267146514 -0.248988961299812 -3.58234712222352 5.30537189272552 -5.62159341062974 7.38976361642621
Pseudorca_crassidens 36.3011031435844 -130.334329343065 23.0896726775174 -43.9276971532999 23.4889093303925 5.36095240189158 -14.6514105930528 -6.07268431638701 -3.78447204291889 -17.5603483820356 16.3652120991869 22.8438190799141 -6.59736512703464 -0.118499010057596
Pterodon_dasyuroides 3.46002464888981 8.16384634015911 6.86713932094339 -9.09995943647503 1.99729367156276 -4.66713941323361 9.34245656531178 -2.95082345542668 -4.57554589014585 -1.72103039965484 9.35733196608595 -1.39659820954301 5.82327700328449 -2.61885218543711
Pteronarctos_goedertae -8.50433533953494 -37.4539845071921 25.550769949196 -11.8112319326411 16.4942329015514 -3.48170637887651 2.59916744434173 -7.89775852579568 -8.2956402689129 -1.61799531931796 11.9768333589196 0.0823300967997196 2.09114944698631 -1.84136542098305
Pteropus_niger 5.6703100802105 12.0978278693454 20.0669020843417 -11.1103960270593 -4.31095564253907 -10.3277599720785 -3.71291450533778 -2.15922285864633 -10.5633619074926 -17.8964953769174 -9.38477191870335 4.64193514776627 4.13667146967638 -3.14623342697524
Ptilocercus_lowii -14.2939141571659 -0.709779077728413 -9.61960852321166 -0.788880862269488 14.8274214339823 5.29942364623565 2.24094207142353 -5.08839716088795 -8.99291833900995 1.4815611122345 -5.69524455067009 3.79482516019571 -3.77159961977585 2.33029756507758
Puelia_coarctatus -6.83670934464476 -5.75940388386864 3.41190054019765 2.91422511376557 -9.83369174736831 -16.5621405245216 14.2820220156894 -5.67808102256607 0.0980456932953291 5.43460198051004 10.3579645018571 8.21263227726702 -0.238328673453937 9.15452220606419
Puma_concolor -15.5397892087787 -19.6144473068135 7.00823416432229 -2.30569710026006 -9.96202378753113 -21.3716399240038 5.93621407730843 -17.290640808836 -16.3188646920426 -3.97034565638614 0.305383407599797 1.78285115906534 9.3404353569443 6.94034619317481
Ratufa_affinis -47.2483344327297 -9.87588415547659 -33.8686167538556 16.2451795079144 -16.3170524089842 -11.2588369567783 -19.414365737229 -3.67183861814131 29.4843164387623 -2.95201930201541 -13.0714679536411 4.83129072676212 -5.18283784666599 -3.64071901200373
Reithrodontomys_megalotis -42.4030683460942 -4.65850664071099 11.6397429053341 14.2972315446122 -24.217749308802 -18.9250323612866 -19.1879440676306 5.82707083679312 6.56824399152927 0.943830249942064 -2.82677516687156 -1.9931577596057 4.98268317916899 -2.0384995839419
Rhinolophus_acuminatus 15.7060920775252 -14.351046058831 -5.33653145773823 -7.53211831985035 1.25730663545603 -6.32746234276033 12.0975079367792 -12.4666695901056 -7.45595436394212 -1.15650952038722 -14.1530605389494 7.78765856504671 -13.2034778287205 -3.89026991000886
Rhinonicteris_aurantia 16.1166711521118 -25.2619767909117 -16.9906761613511 -11.8812314130358 6.72449322021692 -1.63374397094552 7.72744172516925 -13.1729552035271 -15.8989486732007 -0.253427413445065 -6.87335219524495 1.64660822176856 -16.9999239290807 -8.07510181185865
Rhinopoma_hardwickii -4.15465688014068 -4.77723760283409 -45.4475428651451 -29.3065571281078 14.0923136998218 -9.86591189851285 12.3834076529316 -17.8055395462981 12.7028485337463 8.33316955615173 -10.398195294632 -2.76662826508 -22.2507925067968 -15.1619264683315
Rhizomys_sinensis -15.4471882171676 -25.1121208118328 -54.6077455199782 6.70331988071245 -17.4575621421656 -15.7853163074829 -14.4024230222986 -6.07746395425818 15.4923615837282 -14.2410919496386 -26.1781616699127 -26.4568493076761 7.90610857814485 -10.0076165052066
Rhynchocyon_petersi 36.9787462255492 37.3167547641713 -13.0131511860106 -1.78923585591046 -12.2047469757046 -18.4463529890874 -7.77343345464632 3.57523927709874 0.44800323767628 8.74360404725357 10.8758872654717 -3.04830010888962 0.375253085758325 7.50949711049295
Saccolaimus_saccolaimus 5.7451397586337 -25.4157991801205 -39.7100052021457 -16.8155659634544 16.9916691251498 13.163364202818 20.5182745100777 -14.4170432362102 -9.91320784172735 -0.451347494547431 0.59238141557718 -13.2980783792979 -20.309628887897 -11.5413996809024
Saiga_tatarica 62.0737644747866 -16.617500828894 10.8645211892896 -16.0057406482717 -40.8961317282616 1.16804985492159 20.2416983708006 -6.25325478340703 -1.29931686907686 -10.4515468577394 -16.4734321367219 -6.48966702233253 4.46856518090055 12.4075673572531
Saimiri_sciureus -32.7514854829952 -20.048490594043 -1.75767901798818 11.2501440388665 7.90127898363339 -19.2683426715758 4.41632139350938 -15.9804514008347 -21.3097628619904 -2.7428083456737 -13.1689177203359 0.140440932443329 -6.99677765542049 10.0230527640992
Scalopus_aquaticus 18.0643112866674 20.1894571350629 -10.5605678889963 -7.76564490199045 3.86209590527815 -0.354024481822712 -8.27010284806475 12.6294804930746 -9.86915985956921 -0.166298815470428 -5.90969628244302 9.04871684129925 -7.22532985858554 -6.13878019575743
Scelidotherium_sp 12.4537785394413 0.131146710390334 42.8515538965478 5.76457961202181 -11.3297007391491 9.12715743995707 -15.8357067063697 -13.5887494951242 4.84614269928737 -14.4955256899208 -3.08354158381327 13.1471358123276 9.53916155418113 3.47512424730533
Schizodelphis_morckhoviensis 144.383618029596 -97.982130736236 76.4006144488849 -3.58130838915031 55.590509343497 3.39108938773131 5.44960451265817 3.87262155602112 22.3210571401572 -22.1051940862771 8.71534921884689 0.639829667108941 -10.3299398276538 2.31151888269466
Sigmodon_leucotis -4.16693270357672 6.37327999004568 -36.8929357304772 13.2640799620248 -8.42362830458338 -2.61560810266242 -20.7174912802596 -10.4078931072688 -4.17502685646815 -11.4336166262189 -15.7907756204842 -18.3046956171743 -1.59401117995605 -16.2832032550346
Sinorhinus_cornutus -2.49467796469997 -34.1985469792677 8.03432374721828 -11.1514948047538 7.14931059091279 -13.3083980691526 16.7527765894398 0.63485351724924 10.2015805009656 4.35162040413113 14.9007044223211 -5.50623240089073 -8.55957614265836 9.76557088651458
Smilodon_sp 15.5862162322463 -47.8740479696686 -13.7508524049494 8.1874144080929 -8.98594160810654 -10.9383895935241 13.7171120255659 -7.85163974338283 -15.8507234876591 -3.98302201182239 2.79146677439972 7.26341598628375 4.85455936056464 -1.4671289363665
Solenodon_paradoxus 7.09687108844817 2.54884701407267 -12.7053015033152 -10.8867948580207 5.82802180477851 15.2210686264735 -0.14591380890457 4.46121789450014 -12.8898250077204 -2.81980579996694 -9.56248223958542 -1.1783574106123 -11.1833797831978 -6.20474585668939
Sorex_monticolus 14.3736095267145 -7.91179316469488 9.87213094164286 -20.3303489068458 8.05117466537433 19.7921547708172 -2.75795909727306 9.51977615454653 -16.0784738315245 3.61110427288355 -1.95220433217291 10.9783385347034 -2.27124000346806 -0.707691744348819
Spalax_leucodon -16.609237646895 -26.9542082351197 -44.5749404181554 31.6972952231668 -3.26961506783684 -10.6149750963021 -33.6811469456419 6.73599292158246 1.8282641330814 -7.38773511691041 -12.7281726163335 -22.3887472706336 1.97446630198638 -13.3493009450158
Coendou_spinosus -41.8332901948345 -27.5910981186392 -12.9684471309553 12.4621663635952 -0.620033722909723 0.58492925449014 -18.377262400651 -13.6999857692786 29.9577897261844 2.90639305188844 -12.8710421078616 -5.04819118877161 -2.03657720416662 0.288279640103179
Stegotherium_tesselatum 59.9417255239662 53.0023432520267 19.8064287569473 -16.0525981302922 -15.6835430617496 11.6896056519254 -20.371730337109 4.30943151717067 -12.8505864150208 14.9718406604317 2.2146240229213 -2.11595102070645 0.839193512982864 -7.46637747396182
Steno_bredanensis 78.8753432658819 -129.748531418795 63.0175957923274 -11.2042309078445 32.381594886271 6.68627418821372 -19.3771844937552 -13.0689773443506 8.46396964049901 -18.6716439065331 5.46137704405725 15.3033053654951 -2.78406285938425 -4.76564055888457
Stenopsochoerus_sternbergi 6.81633965571693 11.5725689769088 2.03414997905044 8.08410848868941 -3.4060782257721 -4.31261613917735 6.21244566890921 -9.80492518632328 8.58876150503623 0.853456904023116 19.0422309956755 2.48866888913062 -3.31718268504056 4.14823464414138
Stromeriella_franconica -19.8107679965684 -3.76746862522359 17.7304687862577 -5.69448713306381 2.25850174237955 -12.8670513015986 -1.88119953831457 -7.58822872766542 -0.954057516306076 -1.43616782628535 3.17751337597763 2.8711080117513 5.29601490666649 3.29688157079963
Sus_scrofa 39.0135383531497 -7.99149358308787 5.68057087327088 1.68071031923732 -1.21279602626639 -2.69907277689882 -12.4245020799034 11.2534121876031 -2.95193671856506 26.0949181660014 -0.557541371603611 -10.6395301760501 -8.09119966072307 0.412959966049427
Syndyoceras_cooki 78.9180586577566 -16.0203741159263 16.006029432406 1.74932480918192 3.39035687809646 10.0313018487111 -2.82276678774307 19.1599694629485 9.81600220833667 -0.0797280127558323 7.58687764985576 -2.46158588204071 -9.0068134034205 11.7594776463373
Tachyoryctes_splendens -31.169040510588 -26.8021900737379 -11.5844425997563 33.6123180885612 -20.3216479828791 -14.6207066694503 -10.1999655972612 2.49264699704626 -3.83298027639136 -12.5170191560453 -4.00498320089777 -12.1984868933628 6.66150606209539 -4.0809811267285
Tadarida_brasiliensis -3.48835234649235 -8.90833939795206 -30.3612740096682 -15.7094521541578 17.4240876195885 5.15339625075609 16.9170950365832 -17.3227811797351 -12.2951594914705 1.03280145719788 0.415859721670194 -0.866342958306396 -21.6843762761545 -6.70682902022649
Talpa_occidentalis 7.36088862736564 32.7491016113822 2.05181188661666 -7.17474856889287 19.878058770394 3.33156563731557 1.35064770783044 -2.15900199348844 -0.926617564392034 -3.0608029701825 3.67522636032162 3.44367212448046 -9.84169839803611 -5.39658808921692
Tamandua_tetradactyla 28.3019836721996 39.6131174319218 22.829249433191 -17.0416744586774 -2.84468557544974 19.778761762927 -13.3176020785117 -7.30214728680389 -1.3936747410401 -1.27713290650035 7.45554419917474 3.51579256382813 1.53124547251559 -4.27105863456201
Tamias_striatus -38.2206440997732 3.53915661857605 -10.7886821212025 8.11735218159326 -7.8632495858099 -11.4980213501378 -12.9011310668559 7.62600923645059 24.3018118883957 4.74973371763208 -15.9540945085701 4.81459094094578 -2.46596751048948 -3.27795634585192
Tamiasciurus_douglasii -41.3752162364893 -11.9559204779611 -14.1907463611764 13.0507374048209 -10.673728457801 -12.1435634245596 -23.4357028362384 1.32637684816619 27.2568806132185 -1.92667141942511 -12.6421651520238 3.77256172460921 0.422013982120427 -1.29433827239027
Tapirus_terrestris 12.1897706317552 -19.0108003177546 11.2443828404549 -15.595027155523 2.98849699180372 20.4720531192884 40.2697455472688 4.07653641360529 -3.07476512145968 -0.34617141025058 1.45977572761157 -1.51718517878048 1.47067935351444 13.1379505275572
Tarsius_tarsier -20.5547008811026 -2.28544934843509 -16.5325094023082 4.08888145647717 13.6418082906393 -4.23013379269905 16.1120465175662 -24.869931761691 -17.2348209586422 -19.5651099146271 -16.5698059495735 -8.55155410244681 -2.69403884758976 10.4858941778703
Taxidea_taxus -22.8006951696005 -2.06368315980585 9.66058620012008 -5.89389622858386 -3.12318390741454 -20.0625914615943 -0.668861849478643 1.89636713670905 -4.43712329842241 4.42445478287264 5.31740247047883 6.65501421134054 3.98776333242713 -0.855495065762882
Tayassu_pecari 44.4539331163293 -11.6300124072862 22.2820066808783 12.0109621542009 -15.8857975066034 1.44487107330199 3.49177710675736 9.41837234177997 2.41838539509564 10.7220490087151 1.41818224577868 -0.0579721119743592 2.11410719575128 -3.51841827172075
Teleoceras_medicornutus -11.8112562535131 -8.59379087019311 0.507327656791761 16.2138631921446 -3.36651416129896 -13.141578981158 18.084041211054 8.79027260179527 13.8182918752141 1.78247436874651 1.9265122686389 8.5086813725591 -4.36436715826894 7.73812531423868
Tenrec_ecaudatus 25.1892554848073 16.204047968601 4.95282553518522 -4.45666549128531 20.0251797564501 16.6899888321122 -4.55436363974528 -2.20489950170909 -10.1255204164962 5.08981403557353 9.32417350898378 -10.35074259994 0.976404962786746 -4.06507677149356
Tetracerus_quadricornis 21.9015240653643 13.4996224012085 -2.81911519221542 19.2260974002009 -5.88025354350998 -4.72914854609411 5.99529371008635 -7.7871700375695 -2.73394182761171 -3.00419070737555 -1.50274718337602 2.69366213300677 2.0945917550341 14.408032524566
Thalassocnus_sp -9.98530422530238 1.50658943450264 -25.8655099187831 3.2597334874632 23.7107471857699 20.0577280468473 0.492164007497623 -20.7726122071539 -4.63965486631636 9.00920733071148 -6.36662854974315 7.3349434902385 16.0562929584295 -3.13096232154424
Thoatherium_minisculum 9.32277145314973 7.26084556300231 0.838004711242807 2.08445836786666 4.69136398229052 -6.38020234392831 17.7956573391715 7.80591327385581 10.8579970740461 0.559669602214898 -8.03475220503305 12.0775428249275 -1.42165308735047 9.55045852755001
Thomomys_talpoides -11.8338276777084 -1.35186481024514 -26.6181826759976 31.0867941000732 -16.2024481596169 -7.27533415955562 -31.8659760120661 -3.06308054519375 3.732360617572 -7.56142769584102 -15.5981844525458 -21.5750101561472 -1.50731865709449 -10.8306867841269
Thryonomys_swinderianus -17.2431632349275 -41.4849068004724 -32.909953628191 14.0453578641628 -18.0992320803822 1.7183256661881 -11.133880614948 -17.8055214098048 12.8025045583427 16.5205967771833 -8.99055628622958 -8.51851368009091 10.5903755108784 -3.79117205002496
Thyroptera_tricolor 7.93181858376491 -3.58824306137048 -34.1906349598107 -6.89379411238803 28.0092714566439 19.169062427442 22.0326059242304 -9.7288896702982 -18.0688095503924 9.55088864146605 -6.19548557861795 -1.50709301684337 -8.07670804137754 -10.5426230272476
Tolypeutes_tricinctus 12.711450019327 34.4970777392804 -8.44768811876103 -4.22192590367079 -12.9466982587502 9.02585407741235 -17.8302786710735 7.29881883111265 1.5100941873481 2.33422063382089 2.68471421610579 -2.88277317387078 -3.85191755505346 -0.813169698032594
Tomopeas_ravus -1.68009321285661 -31.6822589490953 -16.4689823435302 -27.6350847123558 9.15490058401132 18.4415353404918 31.0919380957742 3.99903896662923 -11.6150555071624 1.19053458274606 -7.69533136127615 2.07106451658225 -10.6767981347666 -1.63852980452953
Tragelaphus_scriptus 15.3421554300704 18.762432549593 6.81185997272634 13.3862482434959 -2.48752297299748 -9.31226603897543 8.88064406639878 -6.81643758027828 2.50603195564321 1.0031082998347 -0.0336371732058716 1.89046783451767 1.81733720807207 13.5867474700247
Tragulus_javanicus 13.3266850256811 19.5582137747624 -3.25319286259386 17.6978409960622 -0.417921750308265 -5.82558233898009 17.8073825144626 0.983984329017863 6.35777628572863 -9.88052841980186 -0.100629012291674 4.68906425872443 6.65101080581222 8.56968507342184
Trichechus_senegalensis -50.1026573753661 -17.247446445599 15.3799155134346 -8.66362251288824 9.289926689391 -7.04869862031252 14.9708727977161 -5.92290573241726 39.9276353527981 -13.4843708532215 2.66330851005724 -5.79397053178024 5.35123586288402 7.8002327175152
Trogosus_grangeri -2.53200341719237 -48.2434921888456 -10.6460608829341 8.05876876081905 20.9489935290638 1.24459139210397 5.32571802713604 0.558304544110773 -1.59076829732 8.46748631024264 -2.13113905900083 4.70885079273565 -0.818707037768907 8.39165721378247
Tupaia_glis -8.17165946633448 10.3644206187095 -19.2104654920948 10.4435115432228 8.64925438016783 -6.10952270116519 2.22639893709739 8.84805086965099 -0.555351147316344 2.09279407859602 -1.83850133917392 10.0404494052493 -8.95135509792522 8.84547368668204
Tursiops_truncatus 62.6752833402769 -122.119291738541 37.8560830415565 -17.1776086058987 23.4190948327742 4.96207136161692 -23.6003379259717 -14.8666184394918 2.75043832079751 -20.076702326986 10.443125410579 21.4240343399968 -9.55604081504703 4.54263986964898
Tylomys_nudicaudus -34.796254845136 -7.14437553495889 -2.2999932273228 12.7246937022415 -16.3112480508956 -10.4395662218621 -20.2560058929591 1.68301389530286 1.88532514856589 -4.55760226269129 -8.61449902563846 -9.41917433946929 8.12853894602289 -5.72642114057818
Tympanoctomys_barrerae -31.378651130351 -17.465193057832 -6.14669273341313 15.7116817623155 -6.94298098821107 7.60604512490661 -25.8360900435494 -7.27648150875336 2.7874970703512 6.52050582246478 -11.1939878513472 -12.1405103539752 0.900144491088668 -0.765510787265909
Uintatherium_anceps 3.54806438872651 -12.6254039537358 19.6257802195233 8.39487301461322 -9.48774924591124 13.7438868028331 -3.42536328560454 2.79655860906341 1.55709503724301 0.815352881198513 8.10869302842698 17.3351375098296 3.89713950147 -6.20582665153161
Ictidomys_tridecemlineatus -43.8497553133091 11.7195756859215 -23.5402288879022 18.2361392481647 -3.53194071447738 -11.7415609318986 -17.6272521815238 -0.590665955686382 20.3841891007971 0.0701740234282262 -14.5242246116704 6.22276742300485 -7.53019674301635 -6.60640311093279
Vampyrum_spectrum 19.9640195766152 3.76515705016548 -7.05099367642659 -11.3086100835917 18.0012626573415 10.5069214572854 8.82342561458778 -14.6634351222575 -10.1755588928551 -1.64357719157957 2.89756217921091 0.819869418549314 -7.17571249591299 -8.36964030342094
Viverra_tangalunga -9.58726244344686 11.8653981065731 15.7418099160215 -4.22229336894433 12.2035135085311 -9.84939817295496 1.98005896878204 -4.9143677383388 -4.04566960629626 0.73153244002428 3.9913036245145 -2.94958304065241 4.52784207061183 2.05122779861417
Vulpes_pallida -1.97284930466668 -0.892186740191079 17.3987185649887 5.92898217135732 8.96572731011597 -5.34764847786902 9.55809445335425 -0.0934394020110421 -6.06957228327501 0.19165412183394 3.15402367673941 -2.05838068609881 3.20796490112125 9.50407543684338
Xiphiacetus_bossi 141.654449782704 -105.475005700493 79.1020832223231 -1.3002139176721 49.1980136340888 1.61055888365683 -1.67084969195417 -2.7383375761127 18.0144725752342 -19.261352769904 6.3119170588897 1.88904385724373 -11.0929148296694 1.71579555371178
Zalophus_californianus -20.1064139498725 -15.7063971358145 24.2755570078741 -6.65919622118015 17.3931521299175 3.28240961114126 -3.86303020152591 -11.5104523025284 -9.48059888861994 -9.21805269512832 6.18682046264062 -1.55802583717389 8.64205915505148 -4.57226116362277
Zapus_hudsonius -38.1627610335467 -15.6880385174877 -21.5446966734883 21.837556758644 -14.773922759731 -12.0895679707408 -19.6949766773714 5.38345210236644 14.6757183821166 11.6814924523195 -8.41142836805566 -2.99518243044121 4.50063382231444 -3.53932963351499
Zodiolestes_sp -18.0037243706517 2.51644589305322 15.4327238296916 -2.2117866702474 6.35273307043928 -16.9483708470851 -0.600857773949687 -9.75439765568679 1.9906943408554 -7.2964098336619 8.040222099106 2.54794364412789 2.14443212685915 4.04761276045077
