Acinonyx_jubatus 5.80600264906684 28.1666416063739 39.4938908917323 26.0747685443637 9.72838197098886 3.76467123116509 -2.11015225572204
Acratocnus_odontrigonus -19.6927122978422 2.47359216331033 15.6805455406608 -0.941709880742211 9.60419242350628 -11.6098116753476 -2.62283138611891
Adapis_magnus -2.02549858850753 17.5421522347348 5.73841502418333 -1.77271362916185 3.87222750465094 -1.19054593077427 0.352799907549662
Adinotherium_ovinum 13.4439223732255 7.61703659177044 -7.51061327164384 5.87228109579088 5.99777173284181 1.05155443322588 -1.75512093319514
Aelurocyon_sp 2.91286688421232 17.3193124593729 18.1839261272312 11.2438630945149 0.968972213230834 -5.4457241072769 0.781279115473
Aepyceros_melampus 56.145192788789 -20.1719417296713 10.2567071339751 19.1503941800789 -8.30535788157499 10.3194844371751 -1.90290927278323
Aetiocetus_cotylalveus 123.177609981412 -18.4111386750907 7.91485085376348 -39.9888597589706 -25.5640830980474 11.6190833150236 -13.2393162080512
Agriochoerus_sp -13.0701526665964 5.52448963308585 4.62718543334792 -2.99284312801995 12.3568573765461 -24.2576065321389 -0.974798889627885
Ailuropoda_melanoleuca 4.9198623308973 14.5602328277067 15.2515752034943 -0.589192127580348 3.77525250391348 -8.07637628184981 -2.57118703681561
Ailurus_fulgens -1.93506229008555 24.9007327987538 20.297073509903 6.61884824777937 5.61572105330619 -1.72405871305446 -1.39212940818268
Aletomeryx_scotti 31.4825830046372 -32.9779258607166 -4.62469248297966 2.56881190845359 -2.50297849382985 1.79617112876373 -4.01373161354633
Allodesmus_gracilis 37.2948882827197 1.19962701083531 7.05813226651508 -14.9314928029633 -2.38424248950903 -11.9793147295581 -5.17281284532731
Alouatta_palliata 14.0919108611988 45.3769116450171 25.941213091553 -5.18231930838865 1.1024000762005 -5.12793530422169 -4.53248841775587
Amblysomus_hottentotus -11.816493237539 1.06186345580656 4.9182575337979 9.80542074502661 3.62186517851473 4.58521938578367 -1.02757360783033
Anchitherium_agalensis 26.9819792534049 -23.7468893449035 -0.599136914054189 7.68340116598209 2.33710396762235 -13.0636329395647 -9.03692810462935
Anomalurus_beecrofti -4.51270327014224 40.656376636461 -16.0945180077344 17.3563760097599 -6.77708419920747 13.8080378109565 11.9613311245761
Anoplotherium_commune 15.0389365364491 -23.4502687385855 -14.6840117208817 -4.36985898435901 -1.64341359076054 -1.18416628661083 2.03187042210548
Antilocapra_americana 31.7298166365045 -47.7267982261145 -2.32740200316792 16.204336464438 -0.276793202417577 4.80931602857315 -5.68656005975796
Aotus_trivirgatus -8.13973893678244 49.1961842504881 27.6728745680581 15.6189377057549 -5.1523648785895 -7.53165551554311 2.27662774729071
Apternodus_brevirostris -4.11751320556654 19.9803559537614 1.0902734224666 -4.72921307623984 1.10257098474059 -11.974579376011 3.00523610098455
Archaeolemur_edwardsi -0.0860094834438781 30.1748691450759 11.4301590848179 -0.510363285415943 4.74765132005284 -6.94520163571677 -2.56212916308626
Arctictis_binturong 1.32295199744117 23.8585917832588 9.71068203472312 -3.6871231978907 -3.24043618041195 -11.2561408472952 -1.23216446572474
Arctodus_simum 23.0249040826488 31.321118245688 3.3650797561405 9.5439400133877 9.25970846477909 -7.41986862904385 -3.01001959427041
Arsinoitherium_zitteli 51.8156759308318 18.5119135199784 5.68109020180284 -1.11607965464556 21.0543876629915 -2.02028692428509 -12.2486948750838
Aselliscus_tricuspidatus -23.8863559265338 -26.0041106644439 51.0352458730364 6.69284078197596 3.55440848843224 -2.73063235117298 -1.53632336799869
Astrapotherium_magnum -15.5030501302303 -48.8754291204752 32.3502007342786 3.9179535820968 0.600661672741763 -8.73925228254909 -3.77006451311214
Ateles_belzebuth 11.0136508662198 54.8793980020665 32.6238885194272 10.9175949959523 -1.71998677362346 -4.51339243162826 -2.93913043530586
Atherurus_africanus 2.90578659233725 17.413211683049 -23.0775074933054 13.6262598500169 -6.4279987763378 19.8082217728438 12.433700834106
Balaenoptera_musculus 193.743720251941 -33.2773403399306 -0.677185198512912 -11.6876089545457 -20.1805267007365 -16.1338495907922 -29.0491815885182
Barbourofelis_morrisi 33.1085185957051 33.788962321929 -2.63359953564865 -4.51550346868976 5.01012715770185 8.66148057136657 3.40340119770972
Bauerus_dubiaquercus 1.61299991902215 33.7396305354977 11.8266187759392 -19.4793116381655 7.20455343060216 -7.04080723759869 -9.12838142932733
Bos_taurus 21.2028870996611 -28.819748757239 8.79227944521229 5.98645135992266 13.3384259642031 4.61081440841991 -13.0329505877678
Brachyphylla_cavernarum -5.86558849987458 7.89188382267709 26.6812067765663 5.38332699362102 7.51971281256658 -9.83552362645468 -3.52013380383494
Bradypus_tridactylus -18.8531279346696 42.0880907950704 13.9495514940203 4.60730837278053 9.1652430233117 -2.99214877534844 2.34167491689771
Brontops_brachycephalus -0.108289276951718 35.6315058526732 24.8972813765592 -17.4091296886725 4.60781481647515 -8.99651695990044 -5.04768109831979
Cacajao_calvus 3.70682674625198 55.9897271801751 37.0151996290309 10.2237937217675 2.81429849135918 -1.07491788978407 -2.55253837764282
Caenopus_copei 23.3515453918827 7.05226018549783 -5.8961147247427 -12.8926879395615 7.33998661258229 -2.50301168062214 -0.193307011352459
Cainotherium_laticurvatum 15.3617573141467 -1.1640310754227 10.136843935868 8.2446226048541 -4.29748431442137 -6.94768361015347 5.50345563826252
Callicebus_moloch 5.32392283856536 60.4585089546016 28.7979638676393 7.96821962222101 -3.86189069338229 -10.0623839508636 -1.86459544952336
Callorhinus_ursinus -1.93619591088196 37.1774540242047 7.7139877925109 2.09689529976952 3.70630318478097 -14.2308920849378 -2.64520862330781
Callosciurus_caniceps -2.35604105527569 34.120025222377 -8.51100417526575 18.0545739067415 -10.2411334755456 26.6722933684932 12.3475666706908
Camelus_dromedarius 28.0601240071164 -33.1095594874156 -8.56854517750517 0.0416136107525302 9.56918591007226 -10.6161758975691 -12.4227973855738
Canis_lupus 9.01488331972697 -15.6336662872357 4.35008786288632 -1.74494712979294 -5.19754253957515 -0.239811263628943 0.327129942547232
Caperea_marginata 119.99083697227 -34.4215731222866 -25.0391156854568 -14.4600442958236 -13.6162191509144 -28.7200042368695 -22.8122856116062
Capra_ibex 38.9485144588403 -9.03517275198902 15.6942728242721 19.2736772313221 -5.5050431527558 3.63082599021301 -4.54014461081419
Capricornis_sumatraensis 25.583209989941 -26.3752862128548 6.56781708749247 5.9191470576156 16.0335139763365 1.74534761264154 -10.5385594251275
Cardioderma_cor -0.215694723064149 40.6220282416964 29.6009701025948 -7.3527723399554 1.22214690551765 -15.1500725949724 -3.11795399972029
Carterodon_sulcidens 19.5939431252129 41.0736016284186 -15.6070261226284 10.4697332818843 -15.1140789553902 11.5131011517579 7.26389259618655
Castor_canadensis 6.12045026845106 28.812329901449 -27.0028777281077 13.9443813173797 -6.16021469529238 18.144443380642 11.8343585350954
Castoroides_ohioensis 27.8421077963699 10.4919814693594 -52.8654860375852 5.1812006544027 0.529743977067953 17.9414620681424 6.16404054209638
Cavia_aperea 1.0080623637877 -0.739132350535123 -26.2509319826069 5.29914678865566 -11.8255940335144 17.1453959442732 9.71651285616321
Cebupithecia_sarmientai 16.1321335959145 58.797100698783 32.6156040912163 -2.8847010192914 6.7289292964693 0.111678023519719 -6.47320001688323
Sapajus_apella 5.85248947042603 48.4252630911655 40.1160915829312 20.1856992518001 0.952066881258768 1.86089409539578 -3.16096302102398
Centurio_senex -2.09942292125953 71.8478214512551 30.6850027979714 10.3254943334203 3.66757055891208 -1.18168091852496 -0.292986205283743
Cephalophus_nigrifrons 8.62491433449657 -24.0494710451423 14.4026734053773 9.63206908262369 6.98913421872628 -0.0985576787383022 -8.28244875469748
Cephalorhynchus_commersonii 136.411447911503 23.3306911286227 15.7492264218078 40.644938016396 -9.81907321015129 -21.0599557416681 -8.91750585029483
Ceratogaulus_hatcheri 11.9554857054299 56.4206704036347 -24.6452538975351 -6.69743019048693 -4.07000952131341 36.8689134688518 17.7179046886987
Cervus_elaphus 17.6088477631658 -35.682887604878 -0.388039904921998 -6.09030293511981 16.2223558755337 1.00143389442903 -16.5711365113775
Cheirogaleus_medius -13.7965049836965 22.4631786306282 23.3974237547962 9.79596916938907 3.56757599705092 -2.67826837480893 0.238810286393666
Chironax_melanocephalus -11.3191349864917 22.4701652193647 30.1676940073718 3.66467660341655 7.62080802043489 -8.31936366123241 -2.02464154063955
Choloepus_hoffmanni -20.735921032059 19.1450529668172 49.3153061242223 -2.52403591919177 6.22561318024489 2.56552679932029 -3.54670195970042
Chrotopterus_auritus 7.20577557202899 28.2893894585629 16.8574412346971 -1.21481422108711 2.88000224681083 -15.0505748041619 -4.01328906575167
Chrysospalax_trevelyani -7.8042923364683 15.4603751656152 -6.36899364303629 1.79508175589862 1.29766069469441 4.08234378962637 -5.54466038644815
Cistugo_lesueuri 1.73226959508361 35.8451585422267 0.0663157713064855 -22.9930901146761 5.0740153080004 -8.86478489853115 -12.996653206372
Coelodonta_antiquitatus 15.9217364349769 32.1732309785744 -11.5506558716545 -3.13636370163785 22.1670618036316 5.62766411096836 0.634479424264662
Colobus_guereza 26.8733274041716 46.2287661957991 22.9961361042953 9.86118762157274 -0.78511594911485 -8.87068500941469 -8.70819854959255
Coronodon_havensteini 122.94689236526 -14.662686238377 1.95184747434676 -31.579510565572 -20.965925360877 1.97859040661912 -20.0399839243853
Coryphodon_hamatus -0.698736835126703 5.45478755161664 -8.19318718608048 -3.99023149569333 12.0702855613015 1.34318354429097 -9.12426327069052
Cotylocara_macei 188.267083582357 -3.41754792744856 8.14966229646127 15.3116076739793 -24.8442479019938 -12.2905367997002 -9.97696980876037
Craseonycteris_thonglongyai 5.20915746259296 47.2019288133899 16.112841101352 -19.0731771093652 -8.8909776634366 -10.8615429103447 -5.11691172938199
Cricetomys_gambianus -2.20062903913465 -2.76802974787255 -28.4527035822787 7.15656168297428 -12.6937116801599 23.9625853141199 12.7235340046793
Cricetus_cricetus 4.91843499637767 8.41482962886366 -29.5619413585758 9.19855886528184 -14.6081113290597 25.389157475422 14.7214872385182
Fukomys_mechowi 13.8611901201012 25.9970261713808 -39.6655721031212 7.34967748667014 -18.3419427505626 33.7078493582905 16.2161803135399
Ctenomys_knighti 18.7088322939006 30.2111415156806 -24.2367367162773 4.99987523314613 -13.8323100254122 30.4576109561301 11.600651591351
Cuniculus_paca -3.2351582479848 -1.16531187593355 -15.7140312711631 7.48167053272406 0.0664322331451191 10.4846602469911 6.76980365602766
Cyclopes_didactylus -27.3671136559316 -1.93586027782663 51.4715528084294 18.2716928147927 -1.07746076473584 -5.2287328095762 0.782949617236898
Cynocephalus_volans -10.384361436113 0.285010747582119 7.12624364766613 13.4954969020697 2.53570305612324 12.8030587065927 -7.33510537653817
Cynomys_ludovicianus -9.66862168513555 18.4987376257206 -3.65762494857712 16.4987551759387 -10.5359220427033 22.6145225985032 14.8723721401228
Dacrytherium_sp 0.879227398049495 -13.0444050702596 -6.94824253026992 -0.183577055880831 2.82376638264456 -11.3479474888779 -2.23781369632004
Daphoenus_vetus 2.44916705641726 2.97695807903638 10.3892671583288 0.570257534235227 1.05113067510041 -9.6908812322963 -3.84005365171008
Dasyprocta_mexicana 3.3472652187106 9.12516399486702 -15.1727766580741 17.0293146040154 0.221973383137989 21.1397892813857 14.4786066820154
Dasypus_novemcinctus -37.9191246893525 -51.5773569177533 -11.6423557939506 -7.83020003467113 7.34277459440399 -5.12311819509614 0.0777330983950643
Daubentonia_madagascariensis 4.03751200814192 62.0586518987994 7.07977682547431 13.5602854688994 2.66544799086919 8.56508124229289 10.7397453759041
Delphinapterus_leucas 191.324468177877 64.2781809075316 1.45738819199749 37.1311169747493 -11.3674256975557 -29.8027091549054 -24.5973851133373
Delphinus_delphis 192.487128839902 -0.0333535739726674 14.3060377192816 28.6501869058146 -12.3043177927069 -20.9029674916484 -13.6838133802265
Deomys_ferrugineus -1.28038793211698 9.9799176812484 -12.0725398446278 2.85866266972298 -12.7048417874954 17.8323378566422 13.207240437395
Desmocyon_matthewsi 8.5650559232869 5.43478829398585 7.99901466096261 7.71903568361571 -3.11067118854476 1.7380138191101 4.33857514238207
Diaemus_youngi -0.890995339336115 53.0261232606733 29.148995799605 -6.05011041784991 5.6825324450832 -2.61104988567373 -0.837157327955142
Diceros_bicornis -8.78955028725038 17.5686696927238 27.6600676230132 -20.7718136902638 2.27797694658416 -9.51117239758476 -1.3618130191851
Dinictis_squalidens 9.71881788066544 30.5300171696954 5.37965088210544 12.1830163451423 2.80803759844643 -4.34840053975476 5.34116388049742
Diplacodon_progressum 10.370798400383 7.46308939210216 24.1395522466754 -15.4535840775612 -0.586241751222354 -13.7448287049782 -5.35363762616006
Dipodomys_ordii -4.05136674007277 14.4463997515178 -23.0450081626038 8.77046789505243 -19.0009639619736 12.1986080391373 22.3693130575994
Dobsonia_moluccensis -9.01130716735566 0.168935265838387 21.8130543729753 4.48880142119044 1.54544614956102 -10.6920888775109 -1.80432119587418
Dolichotis_patagonum 18.3235415145738 -2.11046174224128 -16.1022122201602 15.2194120351499 -11.5290297616129 22.2417462607443 3.8361005922946
Dorudon_atrox 67.623362015773 -32.6295332299621 -11.7860064670259 -34.3896901242258 -21.1164547963747 7.92541968763283 -9.40135805978934
Duchesneodus_uintensis -8.39367001065549 33.4933665031857 22.7201458421877 -24.2010095717654 -5.55627675514643 -16.5372359400663 -1.97017180542212
Dugong_dugon 126.842864289459 50.3943070648601 -11.2783905321794 32.3628268245945 -27.149199124836 -4.30254827453584 -58.0812856811759
Dusisiren_jordani 116.426658680992 31.8194135855805 7.32002183916205 -5.99894841275413 -9.19410371851832 -21.9224211822243 -35.4129833948264
Coendou_rufescens 10.5864807782924 35.7892176561457 -20.6277800202333 11.5202147615145 -1.65758862485926 16.8314920066196 10.0731459244864
Echinosorex_gymnura 1.50238026648387 -20.7928783353304 -10.874344701197 -4.81199876085097 -7.83467812742244 2.17306913457172 2.67685137304547
Elasmotherium_sp -12.8882615780021 -19.6405689092119 18.7546184070651 9.39853809116022 -8.62005718785707 -4.2544431476189 -0.513585869010089
Elephas_maximus 68.2301579351594 85.4589918162164 -14.497595891764 15.425330350521 24.1002438805788 -14.4072952026522 -15.1922578325949
Eleutherocercus_tucumanus 20.5951141270951 41.5829195083855 4.92995253354113 -20.5504019539131 22.6974956535419 5.0846534524896 -9.59595914632855
Elotherium_sp 3.266223249196 -51.2842416156683 -11.9933737791668 -7.26095742234181 -4.81944743506981 5.09903380438883 -3.74831438467046
Entoptychus_sp -8.7897432411104 -0.312277371352328 -36.6643045311749 12.1467035962818 -27.8516455992627 40.8389030232344 20.9455743711635
Epimanteoceras_formusus 2.39652384003129 2.32001994964453 21.1697180602329 -14.4950103616526 -0.66873047798747 -11.4965958085539 -8.84501816229723
Eporeodon_meagherensis -3.44299235719966 -9.92360101460329 13.7604062529738 4.78995008291547 18.8470791798278 -8.14615800818344 -7.43548499677928
Equus_caballus 43.8913349810011 -38.3266520567208 2.02871437987878 6.0227387559827 0.727576762291446 2.17344574852109 -12.5044669300079
Erethizon_dorsatum 20.9328323242554 45.6443827502324 -30.3606663106975 15.7569762182242 -0.53506277828223 17.6291778279311 7.46368573337549
Erinaceus_europaeus 9.47140922287044 2.42354993685325 -5.37049808678745 4.37089948761314 -10.2754308632747 -0.909132618262282 2.57986077497465
Eschrichtius_robustus 188.603401619424 -20.5761689002076 -25.9114186181391 16.5232331649651 -21.0716414398451 -19.870195822628 -26.4331232674972
Eubalaena_australis 155.750041086584 -22.4888491751461 -38.9943231019294 3.36582227302229 -11.1253649638902 -25.6221100007351 -30.260105610955
Euhapsis_ellicottae 12.8802105817284 41.0756221504055 -54.4693973583355 -0.145936718024846 8.61089995644198 29.618302828483 11.633392488277
Eulemur_macaco -8.87632075390836 4.63934302781098 25.78580334795 9.95633033324632 1.80148487308875 -4.94321395372522 0.417843853102804
Eusmilus_dakotensis 17.5370439279551 2.78860354178842 -8.88929812013835 -1.49345184746941 13.3548215896892 -2.96920158864016 -7.22026261734201
Fossa_fossana -0.526510682229781 -6.02509060583794 6.63283712976039 -5.7265196193831 -4.37565430260461 -10.141719775985 0.545802555732501
Furipterus_horrens -13.3729495541648 21.9497992005616 -6.6843478668378 -34.7824718944531 11.3263913860861 -9.87729973716371 -4.13705735094179
Galidia_elegans -4.12510434005503 23.8452287267539 15.7387801324445 -1.27958372727272 -2.34900776436147 -5.49090126001623 4.00742958770307
Giraffa_camelopardalis 26.6231512396419 -34.7391374042121 -4.49134706372671 8.16003589479518 -1.87122082534835 11.4846085281443 -5.79947381749282
Glaucomys_sabrinus -1.98939325466758 37.8480935434715 -1.77949003660712 8.98887426702695 -9.6527658028676 19.3181737533101 8.94648920522926
Glossotherium_robustum -8.3418246706857 14.1074475122101 46.2889329068035 5.89399292088076 23.4460000358562 24.5150255822716 -12.0404978874852
Glyptodon_typus 25.6375480555788 47.6929077173326 -9.99230439775146 -11.224803406447 39.2606592679902 2.15522151449274 -4.27807807490515
Gorilla_gorilla 30.6460534923448 36.1134105323683 33.7317393325303 7.31681577722443 7.7322977438082 1.88398100533998 -11.2185183328311
Graphiurus_murinus -3.50241737648485 35.3632518759644 -11.2080762467398 15.9364889066681 -20.3478259744491 32.3595894659947 22.7296960200965
Hapalops_elongatus -19.8217312220789 -1.62411726431159 16.1690345179013 1.88943571919429 11.6724499492351 -3.19972037384392 -4.58521669405525
Harpagolestes_macrocephalus -5.61848082913477 -23.0438851490959 9.75051146045871 -1.26000303034088 0.341952837152432 -5.77857265619966 1.4837853175677
Helarctos_malayanus 25.7718929088512 47.5746942629049 14.5396544327546 -7.89104164363266 -6.3170975181962 -9.58737028600536 -3.62936181683386
Hemigalus_derbyanus -2.31856530941875 0.785381334832908 9.13163802489622 -4.79062831687576 -5.47459994591741 -4.76364272244811 2.19392451324167
Herpestes_javanicus -4.33201604167348 24.2266633129965 9.63384116256116 -3.62824116060416 -6.88721662783095 -11.0319763368772 4.80550394300424
Hesperogaulus_wilsoni 5.40823039875591 49.3944559648709 -30.0091712585016 0.660879534289458 -1.31646931374706 29.1138379075196 14.2097396757631
Choeropsis_liberiensis 17.7599981171426 -16.365477877234 -22.0475650903181 20.7692506640975 0.181919735973361 3.54179368968744 -6.36296366900395
Hipposideros_armiger -16.7540920320416 -21.2830138970402 61.2676275662651 17.8185238980288 -10.1686725467897 -10.1702352584019 1.90366372056744
Hippotragus_equinus 31.1045204611013 -31.6703656674678 8.01795823439734 0.985844814799865 1.55854634775388 0.891005928900703 -12.8890178691766
Holmesina_occidentalis -29.7907245812677 -35.9646140463241 -7.89849019771468 0.921424286746196 18.6039407849805 -2.80812661943258 2.98821984125647
Homocamelus_caninus 23.9299614367522 -53.9099666389219 -13.7674432222341 7.92947441752122 -11.7449364065729 -5.46458645025475 3.38136062580869
Homotherium_sp 28.7830658193865 26.191814016827 16.6447127785194 13.6537297933432 25.0678867978297 10.7961037694948 -14.8891061044374
Hoplophoneus_primaevus 18.2112017936771 31.0639336347364 0.39072604263625 0.0840801733908219 -1.54008623178514 -1.17487393365625 1.20419672647852
Hyaena_hyaena 3.83756885954983 5.94117073958341 8.06573024237061 0.17164838734062 -2.13858418828159 -5.27547715566674 -4.04082148784873
Hyaenodon_paucidens -8.23404626179401 -16.6474778486291 -8.42540465744202 -14.589475024478 7.31665825530237 -9.33442591677647 -5.15855143939854
Hydropotes_inermis 9.0921694425848 -16.9195211373314 -8.7082428110084 -2.16499809670178 0.123394263786793 -1.06713248820351 -7.92877773078032
Hylobates_lar 15.8663356291614 62.5818420697702 29.6651524559146 8.13302183367218 -3.78802630492315 -9.49397991249471 -6.66629326422243
Hyracodon_nebraskensis 25.2655622624359 8.49141784851542 0.243008000537823 -11.8488864947057 4.0252410590912 -11.1875802129083 -3.60885828317393
Hystrix_cristata 39.8937213668274 28.1010668098471 -34.3212685801208 24.041377085421 27.463216761022 26.428816845817 8.39912265673059
Ictitherium_viverrinum 7.12289936235681 -6.28697285954855 4.98119165521019 -1.45016955346871 -2.60837067653231 -4.21265280126057 0.937203326049365
Ictops_dakotensis -19.4707482926566 -19.0169993996348 2.39637817758203 -1.68190968497564 -1.37424207610777 -6.55797739002371 4.90277246231928
Indri_indri -5.82685573207116 15.7759983067725 15.8945460763891 7.11243687359712 8.39104265614886 0.937116224674379 -5.54515370111172
Inia_geoffrensis 197.49562824668 -2.03059595884559 14.7853321875061 17.3279693824089 -24.9623543046913 -15.6205605954501 -17.9621252587486
Kannabateomys_amblyonyx 0.611413779247895 12.0732581740652 -24.0455300463125 10.0086969169062 -15.1481656899775 14.2094358253743 15.3901911161367
Kerivoula_minuta -2.07648748185406 20.7565282988312 -6.54976741844886 -32.460707886033 8.69838267492014 -13.7840904972852 -12.2256644506925
Kerodon_rupestris 3.20914798087166 -3.52386143176169 -16.2632056058017 17.3704759310775 -17.506442426665 20.6026335069557 15.1000587227388
Kobus_ellipsiprymnus 34.3167205842653 -27.1438450529296 8.4158879179478 12.5195728455138 4.11531145207344 0.183917249646526 -11.5780741837666
Kogia_breviceps 112.974549484275 18.1579133316669 48.7836107949246 -4.08196060975182 -11.092511909919 3.72846229512816 -14.3640453091856
Lagenorhynchus_albirostris 151.825993953167 32.2079719934738 15.3853383044781 23.466525871691 -1.70712654380476 -9.02697860273139 -7.30906975054323
Lasionycteris_noctivagans -8.69133392531465 26.1618822169695 -2.0595977359029 -27.1460291735461 17.1066623755955 -3.23570372366407 -9.34230746559301
Leontopithecus_rosalia -9.36921024691391 50.970596176523 26.989019568177 11.7363185977623 -2.53388395128638 -3.53445298631548 -0.386027583301252
Lepilemur_microdon -8.1167536926594 17.0881010558339 23.6225110933605 6.75046123766339 1.08770883842575 -10.5276252747149 2.66795341262931
Leptictis_sp -10.5112075103747 -20.4327032380012 -0.513321482914059 -3.9953029825101 -8.31249659923355 2.37010144196405 5.77986754045741
Lepus_californicus 40.2572460027877 4.4316649540306 -3.1562217136785 22.4766707828528 -6.28853169950922 23.9993314739557 5.34940389960184
Lontra_felina -3.70546520153241 37.3546231071084 26.477502074603 -1.9218286991459 8.22519527918405 -3.95588497017492 -3.11954997077239
Loris_tardigradus -22.4658729349606 29.7291762072012 21.858593608601 13.5642280250949 2.57170453026934 -14.3057256376775 1.95762696696752
Macrauchenia_sp -4.27344469523127 -92.9980865265722 25.5368047898777 13.4572786847661 3.87349128027587 -19.5215314702904 -11.0113202739473
Macroeuphractus_sp -22.0866831245806 -7.94245108865571 -22.0482555152185 -2.2191631853415 14.0587718173422 5.33262622083355 3.68551070093386
Macroscelides_proboscideus -5.38344875532611 -0.997694985602799 2.3085863891471 -13.9970201526586 -7.44434215998443 -5.18283138729654 -2.18675709618583
Manis_javanica 5.46090980229499 2.30434069265191 -8.5477316438203 -10.9966735396687 5.58168882902819 -10.7931891665793 -6.84820662438056
Massoutiera_mzabi 11.5606561391113 3.69685354113838 -11.7289756318415 11.9060485627331 -20.4075085043342 16.5985235158647 11.5627922320199
Megaladapis_edwardsi -13.7518526232168 -7.3299004955481 -10.9453648896815 -21.7154128744285 13.089594799566 -15.9646969658098 -3.73741031423458
Megaptera_novaeangliae 128.787264073037 -46.0119258827016 -1.61503553071425 -12.5815778760122 -1.61643596375627 -24.1878081993353 -33.5311675543347
Megatherium_americanum -2.76574312656718 -25.0098094133246 15.7376334771407 -9.21046935132959 5.89416374331785 12.756103510439 -14.3858017513666
Mephitis_mephitis -9.32479481297507 25.303947613936 18.6328620936537 8.80725849015214 7.86065607117379 -1.0455364293113 -2.90866370506698
Merycochoerus_proprius 35.3576903208914 -6.36954009041005 18.9166916325692 -12.6681757697581 5.96109771074553 -9.05966032366959 -19.6086079310526
Mesocyon_coryphaeus 4.32216488547771 6.82488420396431 6.01075656685478 -5.62250790882555 -3.42722367226901 -2.20896810515104 1.85930313833544
Mesohippus_meteulophus 7.25660647966666 -44.9942072222591 6.40225619786715 6.80643502660888 0.805817602362365 -7.61555869932233 -4.92833587430711
Mesoplodon_europaeus 192.267236817305 9.89920526646134 3.82297358928204 36.7398368721734 -19.7620467991223 -13.2585812549594 -12.0421342900728
Metarhinus_fluviatilis -1.29607340404018 -8.40227786423243 15.2749385487383 -6.56717553976084 -9.03767482192014 -11.1023362961263 -8.4424500235194
Micropteropus_pusillus 0.546543710595079 16.5084088221209 11.9843516558159 3.06262227644514 -5.39182276307642 1.08048906265067 5.65290759370582
Miniochoerus_gracilis 0.0135542539823333 12.688657696075 -1.32305623840986 -0.497555754115273 8.75438795519011 -8.93844220255968 -3.31241245102919
Miniopterus_australis -14.9032362622917 19.5145705353727 -2.22421665513815 -24.2066426451629 9.38291857776391 -8.91850515429478 -10.4044086896087
Miolabis_fricki 19.4910466793016 -52.1278472971665 -6.65433843596172 1.23648212113731 -0.928377401618561 0.04556058886096 -2.33679375768235
Moeritherium_andrewsi 8.35510647473888 28.2521216902668 -19.3217265294863 -32.5777674945472 16.6134317458708 -9.88725179071654 -15.2595423813551
Molossus_rufus -4.9249351914393 37.2838335408291 28.0011124527529 -1.22375438400358 14.6293026769158 -5.73848839237615 -2.84083012386164
Monachus_monachus 25.9305427071687 27.0890806838279 17.1671156391693 3.56940693304989 3.00736302392697 -7.9041917714019 -7.01811090739462
Mops_thersites -0.51929617743784 30.7939061581056 -1.12306016210033 -14.0384234052893 10.805957508481 -13.8241184285361 -7.73784699835705
Moropus_elatus 34.5160307619424 -27.6943355746395 -1.59418992045517 6.99741520219556 3.99446352059948 -18.4430041969656 -6.51031272586371
Moschus_moschiferus 17.2947179080738 -36.3439921936062 0.703669049865906 -6.43578907578634 17.6786221879082 -0.187464864765916 -16.2145591387049
Muntiacus_muntjak 24.5356485996101 -10.2280102787084 1.15125470438995 3.86418068571207 -0.923351111378659 -1.22291948893834 -8.93218972186813
Myocastor_coypus 17.2320067147115 14.5397581149903 -34.2828751701713 9.46283400178758 -6.07173790955793 26.2784419116441 11.4667004943198
Myodes_gapperi -0.173807897907107 27.4238179863602 -13.5570870974254 1.94584969045062 -15.4373263528991 15.19300474397 12.5186175878559
Myospalax_psilurus 10.3761627070258 24.9368806254886 -29.4113198998551 0.310061136060089 -12.402822580366 24.4778767120954 14.1621206107827
Myotis_vivesi -4.39780181770539 25.6455816803296 -8.33430817735437 -31.3244807217561 2.02429007558855 -10.747188238432 -6.91032163503717
Mystacina_tuberculata -1.8121467235504 15.5658284042545 0.966341392954096 -15.1244134243122 6.14631573396785 -11.8597728191335 -5.20942794426666
Myzopoda_aurita -4.73667299583954 35.156839139477 8.96212726729472 -15.3594267552663 5.79807440350576 -10.6104520048146 -1.2006390122663
Nandinia_binotata 2.52246763354349 15.946355707578 15.1316271201424 -0.417042196241119 -2.74097698039465 -10.4475352755441 -2.81332136207276
Natalus_major -9.22314039044905 5.09601175863042 -11.1194412139349 -24.8960469040968 4.41873893681188 -5.57372593431277 -7.43667304000376
Neofelis_nebulosa -2.01757193827445 23.4438266898588 24.7632293668939 13.8426513297035 5.57603477052654 0.602424746218558 -1.34800597336777
Neohipparion_affine 11.9744119776908 -50.3619507000294 -0.0102994506541182 4.45756628897151 4.40430950033759 -9.1802293644217 -5.60089764619862
Neoparadoxia_cecilialina 78.8734644376144 9.73651891145621 0.473523465560136 -0.330822518266457 6.32759474368646 9.33193858013861 -23.3511785451921
Neoreomys_australis 15.4087972448422 19.7175277547468 -16.0129210802202 8.244994107557 -7.53188101163 20.0862322737044 7.30665329187342
Neoromicia_nana -7.84374051815165 28.2222421305337 0.251871945765527 -27.4936766771673 10.6884537880359 -3.67707379938207 -4.56487726583391
Neotherium_mirum 29.4796402339066 21.3033356288564 5.70929017075382 -9.00943317572701 -3.70915347902338 -8.6708706223986 -11.7524732924313
Neotoma_albigula -1.20814984116383 7.94613971118498 -15.2386671931853 10.6838613583026 -14.4590135354839 8.3804697986562 8.76474179880115
Nesomys_rufus -9.96418974701787 10.4889472481568 -13.0929423289021 16.9693352155837 -13.6563756587597 24.0586257048942 15.321111133184
Noctilio_albiventris -11.7524150327676 43.3009914049071 -9.97004373280536 -21.8709755411275 9.20940123289571 -13.0794433661604 -1.9491932682387
Nothrotheriops_sp -2.38924871899303 -5.76448596182987 14.1633350209968 4.20488093689934 16.8246407771413 0.321971819700163 -2.27976189074837
Notostylops_pendens -13.2741599088023 2.29493590979385 -3.57778997487559 -1.82526695672435 14.0169251235522 5.36173624767382 -2.62525680690134
Nycteris_tragata -8.85450965868704 0.629869672282725 48.8719588393144 2.71368775395061 -0.80752360956763 -5.06211650623394 -1.62594076750909
Ochotona_pallasi 3.32174917114352 20.8949006723592 5.22321852286419 19.8814731027656 -17.9252952621602 23.4604237303231 15.2289338555172
Odobenocetops_peruvianus 50.415147452381 42.9257266670095 -7.15623314053882 43.4221516834424 -40.2936047113251 -14.247686365101 -51.1397793475961
Odobenus_rosmarus 19.8567719138269 35.2807070050352 -1.94628675680309 26.6671096207501 12.5479843225194 -22.6309633071187 -8.26975821172653
Onychomys_leucogaster 2.4982722399974 26.1001492849781 -14.8828589158915 5.09430625858169 -13.0133415080028 14.3192173308712 11.8760184019154
Oodectes_sp -2.38303996968155 9.86148089503143 15.1475018280322 0.554702184460109 4.89928996790084 -8.7192773472167 -1.86536011718429
Orycteropus_afer -8.86993794960242 -42.6781747652856 -18.6071657240812 -11.1099814719429 4.21184930530726 -6.46023468176402 2.72403764205997
Oryctolagus_cuniculus 15.9185363504524 -12.1073240739216 -3.9625597909817 35.2944274599824 -17.7457001248695 27.9836425202292 15.3175547772608
Osbornodon_fricki 1.15481522242483 -6.12440585850739 6.88986720776231 -7.10040116095953 6.99327638652243 -3.29411247492594 -2.67171560880047
Otolemur_crassicaudatus -15.771615757419 11.050396413941 21.8638906292591 14.2351253218786 4.24819778537108 -8.4146775116426 1.08207560332546
Otomys_angoniensis 7.28785494551836 14.7962156077482 -22.4018801180784 15.8780773645338 -11.1461139150517 20.789381845535 14.6465912422804
Paedotherium_chapadmalensis -14.6219763943794 -13.6146685523158 -2.21763687637253 14.4334585675368 2.30559436208422 7.33325904733052 6.98126925070374
Pakicetus_attocki 11.5789632039672 -62.0853925066547 -26.6546433128113 -19.787209881359 -10.2060373051584 4.11482809101632 -1.30202591356982
Palaeocastor_fossor 11.1111433723229 34.7760414529097 -43.3620867268343 -9.95985951424735 -6.64387071647745 20.4487502773037 11.2207555810639
Palaeoprionodon_lamandini 0.841244953262113 17.6639550265968 15.3935796205327 -2.18085607090528 0.34557995431866 -12.4860483843558 -1.16762684817197
Palaeopropithecus_maximus -4.12784809335731 10.6102802583635 0.89372108597664 -10.4004828750918 11.6772677853153 -9.07285673773516 -2.16552278788995
Pan_troglodytes 30.5102536883203 58.3812526328714 37.0995480235777 4.81667890752882 0.736815259296812 3.54554850173864 -8.58063633823664
Papio_hamadryas 35.3264183368329 5.40347150925595 30.9318676769027 23.3227995883115 -13.4526688034236 1.86478486563084 -4.17231042791881
Castoroides_kansensis 33.0727329233421 10.3096443600029 -52.1631841914698 12.1344816347014 0.606988352029065 19.9542866508785 4.63117547858973
Paraceratherium_sp 42.7258968004271 -5.04825521740267 20.8943320662864 9.05740223579347 0.412236047950357 -3.61214852219224 -18.2601463190019
Paradoxurus_hermaphroditus -4.4761267237823 3.53529343601416 15.637139478968 -5.23172923981753 -1.64020311787913 -5.65723125351581 1.96899070106509
Parahippus_tyleri -6.16825722198468 -32.9076527058796 -9.20164310053172 0.96752421185821 -8.1992545387483 0.626034370387239 6.52342108017736
Pedetes_capensis 16.058737163089 31.0386664588081 -22.6693852667786 30.1987042771626 3.78575337006667 10.5424101226571 9.54487254182496
Petromus_typicus -1.4673463217256 7.59465180565963 -17.1514874005548 12.0054588334484 -19.3944912013664 20.9437025614848 14.6890266643321
Petromyscus_shortridgei -3.53680812250061 13.2299470086523 -16.7169320175237 5.52462448706068 -18.8385896108024 18.2031166599165 17.5215417965342
Phenacocoelus_stouti 10.7280135890527 -5.49005475509628 18.4614847269381 3.25970913183549 19.5816881991387 -4.48718858466368 -9.45539952741641
Phocoena_phocoena 129.915123483552 26.99411410241 28.5614935481753 15.968789010101 -6.30227359504551 -14.3759747560095 -18.296050416416
Physeter_macrocephalus 232.791313491625 0.70109635438154 24.206784096785 -34.9537247295896 -27.6820676389311 9.37586461110544 -31.4596581804125
Pipistrellus_hesperidus -2.07164719338053 38.8391710920922 1.86750638084011 -24.9550692334767 7.32343619767888 -9.8470437252288 -10.8805964088106
Platanista_gangetica 229.145946649225 -9.31155063779623 13.9814212064188 -3.38294009383374 -25.5411532918322 -20.0997056025366 -19.8310868090624
Platygonus_compressus -6.74033558831626 -54.6400211004693 12.832255653992 8.30015419326909 14.3332781148491 -3.80125642154406 -6.38092790488639
Plesictis_lemanensis -6.83935022972965 16.9218139510053 16.0771586939728 -3.22119525092347 -0.813279663870137 -9.9056303650874 3.71173804078442
Pleurolestodon_aequidens 6.65059025754004 14.9632050486936 -4.29429004602088 5.84844650010497 7.31606278058928 -10.823387015086 -9.58760890748924
Poebrotherium_sp 2.45167899325058 -26.6231308171072 1.98479177022347 -1.64070900657778 -2.36559354042944 -8.66411760118365 -0.0438009175722268
Pongo_pygmaeus 49.4735943246153 52.8834625604616 36.0493072204545 0.0845444404418891 -9.61625483129735 -2.89559821137966 -12.2163645100734
Pontoporia_blainvillei 214.590148849024 -33.7291467254953 13.2836025079765 34.5435266814449 -18.5273728910085 -17.340849675982 -22.0864951825001
Potamogale_velox -3.47827922175248 -20.4013857716721 -15.5984572129872 -7.53901186758768 -5.75073923002831 -2.43407385663239 -0.76026914995172
Potamotherium_valetoni -4.35205716787971 31.2116584734764 5.01525317375233 -7.43217074858832 2.92767449502245 -13.4974979822865 0.61920378799445
Potos_flavus 3.80567954406093 46.6125230126796 16.5739549987522 5.66363136712158 -8.471681805843 -7.76610817148229 1.48104890600751
Prionodon_pardicolor -6.91354969683251 10.759467814895 18.4131634342849 1.73409090136765 -3.60734170422895 -7.65621341931865 2.35162474176621
Procavia_capensis -2.39083206485565 17.0144436280511 -0.532192175895189 -13.9939448314417 1.60504313031398 -0.834362703375481 0.812171203177404
Prodeinotherium_hobleyi -1.98774279401392 7.90647216119744 -23.7491971551438 -5.07937318991977 33.0595808452737 18.0558755621707 -18.9274056336778
Proechimys_cuvieri -8.87679975384296 18.6637101913427 -16.0608920037957 14.9365569732684 -15.8499960487737 15.1788598092307 16.8899571568748
Proneotherium_repenningi 17.4428172525436 21.3347192468801 9.09561302121432 -2.59337525671797 2.35531353564359 -16.3060755876576 -7.35742090002444
Propalaehoplophorus_australis -2.98841685073074 24.6053063107437 2.9363374141036 -8.7905575933289 24.0454184905335 -6.85446601207603 -3.83025810049811
Proteles_cristata -8.54896266380877 5.7225679647868 15.2287840258212 -3.93114928207296 6.399525848228 2.98810382230412 -3.8474901147027
Protosiren_sp 91.7228272629621 30.9563696040872 -10.3613628430194 -2.06224383708205 2.71451318545049 -3.35482405501897 -29.0559359190274
Protypotherium_attenuatum -9.94240731814591 9.79231808517866 -5.79948721557916 -1.44232243590103 2.14540628737279 -3.35698554068376 1.9527975414584
Pseudorca_crassidens 136.39811169339 36.7748959593372 22.9646770361318 18.3453247170874 -8.88543406671898 -8.5061213420229 -19.3927463569966
Pterodon_dasyuroides -6.85833449887266 -8.43167827608786 2.77727653584836 -6.07356010640927 7.46056515258555 -9.60853043248524 -2.21116245128578
Pteronarctos_goedertae 36.149183501203 26.2855285227655 1.50477230961449 -2.51803518449245 -0.774671817009405 -6.6012390438695 -7.88029861651681
Pteropus_niger -14.012048207914 -12.188593003699 24.4523116921054 16.137004412963 -0.472624422860481 -5.22273258692935 1.08016823525161
Ptilocercus_lowii -14.5487135252844 5.87880454742805 4.89574231637892 1.95349642219754 -4.71685064260567 9.01816555646027 7.73530608364862
Puelia_coarctatus -3.8571472636382 6.02928511528091 3.6364142264539 4.64624137754903 9.81926965287877 -3.97411451031093 -1.22717994577426
Puma_concolor -0.107402628811972 27.839020982494 30.5134722831764 21.7840178508011 8.5934156363695 -1.26408335623301 0.501253402541496
Ratufa_affinis -5.60592527403596 45.7300074640023 -17.620760804138 20.7067242200829 0.349394625646651 18.8243547150327 9.94082520463483
Reithrodontomys_megalotis 0.211360313786435 20.0408063242626 -7.05005174624934 16.4762407699774 -18.3859412051994 18.1683987966821 18.669325897185
Rhinolophus_acuminatus -23.1688065072036 -50.2421377291199 51.346472052631 13.2961345021698 -2.75660309525131 -9.76088965187853 0.771620865319843
Rhinonicteris_aurantia -13.8729010475993 -20.1702058629694 28.2858152024535 3.14490580023106 -7.6314977672339 -16.6049816663766 0.351682126964494
Rhinopoma_hardwickii 2.70078263713405 32.1127108042765 21.1821390349748 -7.86368561964074 10.7887477553501 -11.5037764513357 -4.28628291799082
Rhizomys_sinensis 18.7611468894762 33.7207224489046 -34.7361632825072 -2.671924402179 -5.31414715657182 20.1823402860368 8.80618318548069
Rhynchocyon_petersi -13.85545120227 -29.9815137404969 5.28514627910871 5.53236031924471 1.55913991227661 -4.18024930261794 -1.05864482343758
Saccolaimus_saccolaimus 6.09313627173198 24.6834507330481 4.95527716995783 -15.7254483416659 2.26136535287596 -23.8370186156489 -7.81635040240059
Saiga_tatarica -3.43353013609201 -93.0813502074899 37.8005067053505 24.46511125757 3.49552236283771 5.38021000237372 -4.73419472752092
Saimiri_sciureus -0.538662643151196 63.1936588444479 37.1146776961768 19.5029104080556 -3.64183111988913 -4.55933148411222 -1.54442649365585
Scalopus_aquaticus -16.7133813688138 -8.37677662712688 6.08631326071433 -0.84776017063344 6.63109203381884 2.75499972848281 -1.03956175222399
Scelidotherium_sp 15.2192895966921 -32.9320627944842 34.8598508422854 3.73996222989605 2.20979312292587 7.18486745897786 -7.45765075300997
Schizodelphis_morckhoviensis 250.028147118393 -65.2305994802635 11.2726889509079 -0.0432032814865965 -19.7539083363939 -17.4287149255606 -35.8532652588952
Sigmodon_leucotis 11.7426904052719 23.1428761527572 -19.181637867313 3.84280584881584 -14.6933612952828 8.35460597715465 8.94305966662442
Sinorhinus_cornutus 15.9843178042405 15.7079530994137 34.4002408687635 -25.7276889186229 -0.667013567017291 -6.49031195368663 -8.78174637981807
Smilodon_sp 27.8297783682402 19.3995661073538 8.95284294055931 13.160820508371 14.0517220510081 -2.64611922894952 -6.76601693410624
Solenodon_paradoxus -22.1436486044063 -42.8085002954822 -18.0456640280306 4.47672390004968 -12.3286954076691 7.81207780425586 10.8689688777775
Sorex_monticolus -1.64267489734468 -3.62620728986198 4.18991773780878 -7.78691725711022 0.319040860014255 -6.53635060429133 -5.73293982024475
Spalax_leucodon -0.955511751788279 17.3126477733053 -38.5275255386957 -7.06780609810819 -20.2004288548146 30.2108146045355 22.1808358624027
Coendou_spinosus 13.3650437508294 39.4739675781007 -18.3704699820085 9.23633559845886 4.79427122149055 15.289039652635 5.58394402619825
Stegotherium_tesselatum -39.8197819650021 -63.4906434395997 -6.28600228207184 -5.12698343453447 1.41315483885626 -17.117158769842 5.36705075261566
Steno_bredanensis 186.961054556964 3.94085645783608 17.3459537494755 26.4277234642952 -16.5077134563256 -12.7122343125538 -13.9576566463062
Stenopsochoerus_sternbergi -0.462750228806943 -6.25527724284047 -2.21965752687517 4.58498890713434 10.5622747828734 -14.8964245515505 0.276291727091647
Stromeriella_franconica -0.436737860092763 25.6092102477845 20.2559033397028 0.240196283283493 2.36162022275407 -3.85636196174835 -1.58862795804851
Sus_scrofa 17.5735596943118 -29.3202013659452 -14.0092393690497 -10.6292112069507 -7.11040487354744 14.2312632255144 2.52489689468226
Syndyoceras_cooki 7.67564122698179 -99.7441593030043 7.62409657456379 15.7241037884797 10.0503670158128 -7.74499902524036 -9.84904256219687
Tachyoryctes_splendens 14.9766063872784 22.3171040888003 -30.9330885547266 -4.94915018958572 -16.1146282466826 16.6282560473088 11.0393182216634
Tadarida_brasiliensis -7.63425365139183 27.0887263086817 10.9697353430061 -16.3302839928567 9.49262333124648 -10.2128616154835 -6.19660256481551
Talpa_occidentalis -9.98304526647855 -3.39194215321757 3.86782717971905 -9.10567624323238 3.38339778880572 -15.1442527801256 -2.30895253360827
Tamandua_tetradactyla -23.5859917500959 -38.9870116307032 9.80253017550624 1.98396109182035 6.95990418153448 -18.2413005204819 0.00384949300314363
Tamias_striatus -7.52619980514687 25.0105609955934 -12.3277235721519 4.42025708894625 -13.6900621774828 24.2411265498775 15.9367325633509
Tamiasciurus_douglasii -4.14953866609553 35.4440286133959 -8.1049354525166 12.2292221311865 -7.66537106209339 16.7501878909172 14.5503456641877
Tapirus_terrestris 7.98951576351208 -32.0020393436058 0.623709290407589 -20.3981017169183 3.49976077853361 -14.1636258903866 -15.1991502594567
Tarsius_tarsier -8.66776643442514 25.8094971348796 35.0831462905714 16.9302369863572 -0.8680829949342 -7.05782863297674 -2.93907627733555
Taxidea_taxus -7.54393346540568 27.5328919299967 15.1159649670442 -5.86996455713063 8.79877404520059 2.35466618314347 -0.619773914414068
Tayassu_pecari 12.759153278954 -39.175515261356 -8.61979390668277 5.54660318185698 -0.377467924414358 3.37065734138341 1.28825353622155
Teleoceras_medicornutus 3.07192203729523 4.21925022891298 18.9829976132721 -14.3558071544017 -1.09230718302899 -2.30184404600245 -10.6901572715318
Tenrec_ecaudatus -3.50711019041042 -32.9162505421712 -11.5066164806767 -8.69945591347091 -7.91847696417448 -0.372293904739183 4.73295845679748
Tetracerus_quadricornis 13.0934064151859 -18.6310650880096 4.937066820945 5.58843540319526 3.78890826127621 -3.75319670505435 -7.32127993662438
Thalassocnus_sp 23.0741935965083 16.5975978937279 -2.12063456233822 6.01074088087848 14.8789217641907 14.6320289367676 -8.15525118456838
Thoatherium_minisculum 6.28965484341502 -15.8878630370334 5.3816765451808 -3.13587043003868 7.74137210852258 4.79012935292965 -4.92050672005444
Thomomys_talpoides -1.25755169443952 13.3467650095718 -34.7950283037789 -5.22221931774204 -10.7117199612419 11.4816920572395 12.1544138599324
Thryonomys_swinderianus 28.7559759608589 34.7796480662002 -31.0337083627907 14.7414057807148 -3.67299251811109 24.3052811363456 6.3593283566181
Thyroptera_tricolor -9.55716320014095 19.8750887087562 -6.3165921857516 -28.1811704075223 4.62289740297358 -14.2073407678529 -6.11969280531568
Tolypeutes_tricinctus -36.9518373217215 -22.9296126934914 4.59161213443981 -6.29599958110579 2.9363492779887 -1.3386819853 1.92141025111208
Tomopeas_ravus -5.45269702694706 18.0778738151418 5.07921156173905 -23.2610840698005 6.66368055567091 -10.6359096913611 -10.9287972054326
Tragelaphus_scriptus 12.0552975644828 -23.4170414037004 2.38892031769503 4.62924272116356 -1.27833987384337 -5.40972253972169 -6.38372085889519
Tragulus_javanicus -2.42523327021954 -20.6033619318207 -2.0989556762888 -0.251779109735029 2.41659503882262 -8.85045634478815 0.1602526699914
Trichechus_senegalensis 49.1517188228236 30.7939265451936 6.55604308231487 -10.6482088838524 13.1487810442701 -7.53611516542663 -25.6523662714266
Trogosus_grangeri 30.8394929279243 22.7544321119503 -13.9413181721249 -7.92800526467722 -8.71083692828307 10.3637338570647 3.83780515301687
Tupaia_glis -9.79485127519299 3.31148456657955 -2.43157394986499 1.35665267874067 -9.49664907615568 7.5306257813874 1.37889396900785
Tursiops_truncatus 158.3329899372 23.5734189225544 18.2578680258797 30.9520000241064 -12.1422880023883 -17.3112612598208 -13.5461449477167
Tylomys_nudicaudus 6.12301545884771 14.2960608404261 -25.9258570335313 9.7935265283937 -18.2314009186888 17.5168241564349 9.89679228480675
Tympanoctomys_barrerae 2.07169848604923 34.8377077760662 -16.1256230246626 2.9858681239086 -21.8553269917281 21.1159710684832 15.2778717312719
Uintatherium_anceps 2.55250775198873 -6.20905924982125 -8.26344324962234 -4.309466180921 24.6124833622645 13.875271639494 -1.41424249112344
Ictidomys_tridecemlineatus -16.7193188453712 22.4413289813064 -14.9550942525519 10.8323844531262 -9.02577255833802 24.4799210397399 17.1758126340313
Vampyrum_spectrum 3.09832840563195 0.0521704277159578 10.1900063443317 -1.25564522909407 5.96644298762692 -18.4909095851979 -3.63171254442856
Viverra_tangalunga 0.293276351821676 6.27594342119248 7.93222172743953 -6.30443158535209 -2.38007351622719 -9.39614627257221 -1.89443186862425
Vulpes_pallida 1.82910105645526 -4.2808957998255 7.36717173333121 -5.47892494454742 -6.60358949158407 -0.794812758164325 3.30196657494241
Xiphiacetus_bossi 248.317949201454 -57.7301187757228 10.7416663068069 2.06046629255869 -18.5233283598638 -18.9164278836029 -30.4667220517617
Zalophus_californianus 12.9605692210548 21.453876446971 2.08874594328289 -8.07681987523925 -5.11044961240405 -11.7783450633264 -1.57002188037679
Zapus_hudsonius -4.02585077375753 22.1016840332771 -18.8411756203917 10.755774187852 -9.02520413847529 22.4300115338665 18.0970821843175
Zodiolestes_sp 1.53912215241058 13.8882848027142 17.3128924776643 3.61691647843502 -2.4019880614115 -6.07843230705731 4.09246332094359
