Acinonyx_jubatus -12.9758318141163 -5.68699157960856 0.279243308355564 3.86025109739677 0.200187803910373
Acratocnus_odontrigonus 3.05332415951845 -4.40401503714908 5.43064068928271 2.85371730523979 0.676060405365678
Adapis_magnus -7.49372759559856 5.44734219791218 2.85490636349404 1.25420734685397 -0.358602754893896
Adinotherium_ovinum -10.3708041168816 -33.5303620488016 6.83217183034992 5.11643899912183 0.153659169952902
Aelurocyon_sp 5.03260259966403 6.29913642750456 6.26622734087737 3.79468454782985 -0.872125050013405
Aepyceros_melampus -19.9020815484742 -6.05595691942119 1.14758971007965 3.72430286926765 -4.88895235547195
Aetiocetus_cotylalveus -13.2606028841871 40.1150520061262 -11.3740174214616 7.37036282144314 0.391724093130256
Agriochoerus_sp 8.27015307246663 6.14291164340468 8.82375037756809 3.5686656643046 -2.17298023018277
Ailuropoda_melanoleuca -12.9963990586388 -2.14587800788072 -0.164444510131476 1.04652745762189 4.49377020489446
Ailurus_fulgens 0.849493264151234 -6.58908045777743 5.71009736227434 -0.0756441546490942 -2.04686418612609
Aletomeryx_scotti -33.4993631349957 3.9270337156959 -3.73501622002498 1.10593272212023 -6.11170575144618
Allodesmus_gracilis 24.9545248281443 15.561046212415 2.8615897843286 6.40157296557886 -1.90423287402111
Alouatta_palliata -10.9045990856385 1.39657847440118 0.0549881660967457 2.92705216002307 0.804769949630654
Amblysomus_hottentotus 3.02004630387416 -58.7560557744157 -5.25490561753478 -3.54108383628735 8.48435271997978
Anchitherium_agalensis -8.34792607619079 9.48138507860872 6.66456675299008 3.09696260642468 -4.63274993393131
Anomalurus_beecrofti 12.7536361172099 -11.3381903675048 -0.00478739944625612 2.22175839803359 -0.386546656358974
Anoplotherium_commune -0.701262858288765 22.2891409569897 4.02256327663186 2.44188517533592 -2.29294334551748
Antilocapra_americana -43.1494288604137 7.61842196764785 -3.77049034944101 0.277770130627174 -5.63358789403823
Aotus_trivirgatus -24.6205554333303 -14.5696063997418 -3.44839436147491 -1.93321649161582 -3.54325044912072
Apternodus_brevirostris 19.1310229899975 13.0937340635909 4.0394210166706 -4.35477284202377 0.201830687527641
Archaeolemur_edwardsi -5.01592650050654 1.28954560933294 2.98586471378974 -0.104787357069856 -4.93823257260772
Arctictis_binturong 12.9892067804006 9.90866492010846 8.80154705434706 0.748096570326756 2.78860938391296
Arctodus_simum -5.04528454650985 4.46683085114977 7.30840066179927 4.07670525775951 0.60414886454967
Arsinoitherium_zitteli 11.768405751587 12.2959245217558 -12.4233762258161 1.71971776340737 2.69864568281971
Aselliscus_tricuspidatus 7.93988096258841 -3.03297012821753 -13.1959222856992 1.87261838252652 3.23349791144396
Astrapotherium_magnum -5.67073174250247 4.1734135964031 2.83622191919951 6.18018868092842 -0.554558222575626
Ateles_belzebuth -19.0937624767812 -19.3574478098285 -1.16753038774453 -1.32966237148516 4.79948577433405
Atherurus_africanus 6.15823942355485 -11.3085457349115 3.48555056659245 -1.53319371989483 1.5430719344812
Balaenoptera_musculus -31.3488764566097 31.2738731577224 3.08093705952296 8.41690410961662 1.52111285943729
Barbourofelis_morrisi -1.0970501268414 33.0931306270899 0.664586416994429 1.83825527890795 -1.58459934311388
Bauerus_dubiaquercus 6.26967814437559 14.908992961629 -12.2452002830482 -4.18766426425489 2.37802305321639
Bos_taurus -22.8234685507333 12.3778250983415 -5.67142505446356 7.16743436878888 -7.78896475399368
Brachyphylla_cavernarum -5.4924663378938 -3.53614678043948 -4.75384438617902 -2.45561626975138 0.18910943593637
Bradypus_tridactylus 28.445212432257 -2.89827312858388 4.87346398643752 1.9811576044699 3.37739187439843
Brontops_brachycephalus 10.6245613467302 15.7943205451286 5.347582251874 -0.250695369565257 -0.349036625861969
Cacajao_calvus -24.1894808826063 -13.4966460671714 -5.50063016945047 -2.1588877089603 2.68658692954888
Caenopus_copei -6.29980556465993 18.1866410084943 7.2189603203088 4.58449480439324 -1.14582445901326
Cainotherium_laticurvatum -14.9461151788378 -19.04127157216 7.06882341556538 3.51253586948173 -1.37272056857062
Callicebus_moloch -10.6852458850078 -11.6200659096544 0.895426029745785 -3.05438559115518 -0.190070960745887
Callorhinus_ursinus 30.1688232391585 28.2547094368781 2.0877749938657 -0.121277771103824 -2.62064169762126
Callosciurus_caniceps -2.70537586815661 -18.6477889709062 3.81268976736625 0.916708739292295 -0.801731336368469
Camelus_dromedarius -16.4174847669691 24.4292971325244 0.0156149962214239 4.69466717718102 -7.8201203675092
Canis_lupus -5.45949163966054 15.0129526562736 6.11007340527979 6.61809491066426 2.10204286532859
Caperea_marginata -18.0091650895461 51.7342778555378 -1.57608966195002 3.80309205037715 2.87017784236239
Capra_ibex -13.1697100301148 -16.0526135826173 -4.37604636508207 -2.90238300802302 -4.26505745766838
Capricornis_sumatraensis -19.1578135288269 5.61000776682846 -1.29343579802951 -2.27569211958517 -3.09177798663673
Cardioderma_cor 12.7411785635075 5.66213752094588 -10.0819090329392 -0.264099809694521 7.56098554173078
Carterodon_sulcidens 6.35976577986766 -8.52028461948051 3.84326997354641 -2.5524779763662 -3.97411237898547
Castor_canadensis 2.29766329240318 -30.7398795483941 1.95082381729852 0.367717355595854 -0.0853600178515358
Castoroides_ohioensis -15.1250216196044 -19.8897865855269 -6.10300401262967 1.98364012066587 3.10445776897419
Cavia_aperea -16.7734061434433 -6.85346789131609 -0.300588955039719 1.72193670155664 -1.44521314088298
Cebupithecia_sarmientai -42.2084136546622 -9.17562820540754 -7.36894722717411 -9.58200177436155 1.05358267106967
Sapajus_apella -34.868646201446 -21.0153866333718 -4.67747350244087 -2.85708669371301 1.02382481977528
Centurio_senex -1.7350267652961 -23.8027729488984 -12.9723029348844 -3.62998341023252 -0.712375827656279
Cephalophus_nigrifrons -20.7271447672249 -2.08525941910189 0.664825039837563 3.01411951563699 -5.39272927698435
Cephalorhynchus_commersonii 19.2739204176402 49.6660534582785 -6.72633485793773 12.6447040981394 -1.40439383430753
Ceratogaulus_hatcheri 25.8910098925233 -24.064879631189 9.38813243654409 0.928298166265892 3.31543053381228
Cervus_elaphus -29.058776982118 6.92962670013778 -2.18450002485893 1.42699987824592 -5.91747642930504
Cheirogaleus_medius 1.82735045479609 -4.16888376961745 3.36544306494399 -0.346877465303509 -5.46056303568236
Chironax_melanocephalus 6.67905837304499 2.89231776447262 3.06309459726367 -5.4406586873769 -0.410492152699788
Choloepus_hoffmanni 7.13910606602025 -1.35155415126125 4.98791937439722 1.65072778798398 3.01286700727111
Chrotopterus_auritus -3.74619360387549 0.598656045811069 -8.76784708619694 -4.06490501478737 -0.00347097756074418
Chrysospalax_trevelyani 4.05182437372804 -49.8606240501249 1.21113334301638 -1.58273430711088 -2.27174319954088
Cistugo_lesueuri 13.582347329984 -2.68985383315816 -16.765815945663 -2.78350867374008 -1.17650319735914
Coelodonta_antiquitatus -13.4131445548797 16.1993244703333 1.9763124484352 5.32638015221291 -2.32615322897851
Colobus_guereza -26.3178604317743 -5.31844728856445 -3.31972177314445 -0.573048979204562 1.95784040907483
Coronodon_havensteini -7.75771201257175 33.7689146804457 4.26091275865106 10.0263608053638 3.12090234496106
Coryphodon_hamatus -6.01874202250953 1.03450792410002 0.361289798025609 3.23592336817911 -2.02586964631935
Cotylocara_macei -25.6558224857442 29.8195169243115 -0.8956079494932 9.05119038169701 -2.24923617038169
Craseonycteris_thonglongyai 24.6350051448798 4.81662975500332 -17.3542396415271 -7.21326680420291 -0.235602484292729
Cricetomys_gambianus 7.01153539486263 -8.60300197948507 -0.0166847191029694 1.78826719998561 -1.52811597172042
Cricetus_cricetus 12.6997695610101 -5.62450658927149 9.18279504912188 3.13276396906095 -0.570051377178685
Fukomys_mechowi 3.04217927585645 -22.2910293963964 3.44305212841677 5.85647047715026 -1.18127163912889
Ctenomys_knighti 4.28370733270936 -25.8261401990355 2.56573158898259 4.39628644527568 -5.99936842637543
Cuniculus_paca -15.055148794299 2.90999193356646 2.68285643378618 3.893689253677 -1.5210205613839
Cyclopes_didactylus 21.8303852208979 1.78581585015288 3.73380128053045 -5.25917975197446 7.20697511461114
Cynocephalus_volans -3.63169194581382 -2.2373748380146 2.36786128165372 3.05472471358395 -3.95947853627321
Cynomys_ludovicianus -3.52516338667848 -24.3461204544576 6.58073117630018 4.58936976204942 -1.57602343867987
Dacrytherium_sp -1.11502572424109 11.2791488022608 7.47234294555366 0.961318604655868 0.597565501960042
Daphoenus_vetus 7.50498430650977 16.4491719820575 9.71268318150833 4.96809549623607 1.77985504631009
Dasyprocta_mexicana -11.7100665690484 -7.377825618261 -0.752365415236366 1.68972922143202 -2.89908959549614
Dasypus_novemcinctus -23.8542450441138 -4.28120185172376 -14.5163924539182 4.37350773795666 4.81793675033829
Daubentonia_madagascariensis -18.0314969962209 -12.3207272426621 -1.10704183397021 -0.870152972498164 -3.56819622072364
Delphinapterus_leucas 9.24925059876361 45.7094266506022 -19.5722517973889 11.6916183946898 2.59608910849562
Delphinus_delphis -3.93916865319841 45.3672722409487 -9.45187254519357 12.4198862670141 -0.156228398977011
Deomys_ferrugineus 15.4557751482442 -10.8065683358453 -8.28299593271657 -1.07174119118455 -2.89680408164356
Desmocyon_matthewsi 5.16529599676538 5.49371283916118 7.5776547001498 2.57362023996928 2.52840063587938
Diaemus_youngi 12.2533862044757 -3.57765016176189 -13.8309272190515 -3.38880680051474 -2.75623751960338
Diceros_bicornis 10.5138932559917 15.1985232006768 2.56464755624212 5.12156685252301 -2.45671873300885
Dinictis_squalidens 2.06091935511818 2.42997004758831 1.76040555237495 3.82320122026719 1.96727964768964
Diplacodon_progressum -0.186065841621269 22.0876586671072 9.34786118305339 3.37772338762738 -0.0637784088563454
Dipodomys_ordii -3.29095148114533 -22.6419789207405 -0.397205336954806 1.18590286415382 0.829678782098939
Dobsonia_moluccensis 3.93424822141658 -10.1584258841894 12.5306640012506 -0.469795080657855 -2.72101518877613
Dolichotis_patagonum -25.7078834771607 -4.63783605881842 0.209905892838422 0.41357074624167 -9.13896103911501
Dorudon_atrox -8.24741252791662 25.4694828276894 8.36753596247615 9.29095645345601 3.8309844052978
Duchesneodus_uintensis 1.94524558946709 14.9940036667841 5.60373342127479 2.13320140227389 1.22039149878383
Dugong_dugon 15.6212078680763 -21.8963138089548 -12.6295281149853 1.01278415818598 -3.41496519203481
Dusisiren_jordani 11.9310176043546 7.32759961622592 -10.1515610047641 0.518530534398635 0.563373892427168
Coendou_rufescens 8.32942543928215 -7.55738890662544 3.491862888687 -5.07232100805565 -0.686904905481924
Echinosorex_gymnura 2.66771681657764 8.36266503926118 0.23954429234115 -1.76339735768023 -1.15907832429173
Elasmotherium_sp 3.69176313989177 14.1957875372897 6.15797339294745 2.50819036086458 0.426664855067555
Elephas_maximus -15.9056699988909 15.5366240230794 -5.99837619360839 -2.38684632791331 -5.58100761123739
Eleutherocercus_tucumanus -1.21732639341446 0.157402494713318 -9.10133313506001 -2.2815011839749 6.14118341023465
Elotherium_sp -22.7844735852894 11.7661594123086 0.334713265986966 1.19887502369972 3.65383692428951
Entoptychus_sp 4.71545643132438 -9.01072533143558 2.24665621113043 -0.904125098472137 2.10972451196745
Epimanteoceras_formusus -5.4489818120903 16.8575623066129 7.12072598725593 -0.816017409919845 -0.737017004817366
Eporeodon_meagherensis -11.0597214228693 0.503029738801225 10.4753625901045 3.35286855157369 -0.60783757611271
Equus_caballus -16.9253512322761 14.3178383651871 4.29258466817792 5.30534306725494 -5.38985569944701
Erethizon_dorsatum 0.998068469591096 -11.9942423220968 -1.17949009355708 2.20598607628901 3.46861240636443
Erinaceus_europaeus 1.9995591617424 1.99064212877771 -0.681745735716933 1.16570707381006 0.787098356836671
Eschrichtius_robustus -18.0536065215336 25.5940653532122 -1.44925771392097 8.31341903326082 -1.67342054548024
Eubalaena_australis -30.9010744214698 38.2242191653971 -6.36762401936495 9.95563126317395 -1.46071553940232
Euhapsis_ellicottae 12.6553481956725 -43.5117221225752 -0.577385401383883 6.16181638900797 5.86664234683105
Eulemur_macaco -10.1317248326464 -1.39584876092643 3.16729961497131 1.19558665878823 -6.41189715366032
Eusmilus_dakotensis -5.93617766476211 32.4756134089808 5.49615768358063 5.34211805623233 -2.00891583228976
Fossa_fossana 10.9861740840173 11.3180180853122 6.57694964378672 -0.919777802721776 -1.01126493556095
Furipterus_horrens 3.8856687621231 9.93434092567227 -19.3990206832247 1.22027684526327 -2.38968527239645
Galidia_elegans 15.5492404858258 14.3046358480655 4.73973802849461 -0.995955123727841 -2.32210024196867
Giraffa_camelopardalis -23.4582344194946 5.54001763186036 -0.135991499704009 5.05201821514289 -4.66042534619132
Glaucomys_sabrinus 4.49116095689331 -30.5528844569871 5.00575710053254 3.02622944001302 -1.4426298541079
Glossotherium_robustum 25.4073192098965 5.69203793517649 -1.40476065812092 -1.48141230486918 5.54025973027283
Glyptodon_typus -1.1124567286283 9.16108121432784 -15.4330747171698 1.39036256939648 5.30691147301489
Gorilla_gorilla -36.9661979300581 -15.5984855901541 -5.25561694043232 2.26722627189816 0.983118429965038
Graphiurus_murinus 17.1078908314601 -9.82953471838551 0.97283294848389 -3.25133652675753 -4.37991284085866
Hapalops_elongatus 6.25791435989364 -1.37958598136988 9.76322527291085 -0.362792719327018 -2.19342790327661
Harpagolestes_macrocephalus -0.325496074926704 14.2813353574941 9.28640621759744 7.37018612443741 -1.64009117184685
Helarctos_malayanus 16.515218902149 12.2296707762407 -0.269807040064349 3.23247176404799 3.53772138464187
Hemigalus_derbyanus 12.6473897423052 11.7548907521442 8.46350766864753 -0.30307089368265 0.4280015127351
Herpestes_javanicus 27.3363668224349 19.7625348572174 4.52353408040257 -0.259068087963817 -0.875867450162334
Hesperogaulus_wilsoni 39.3085793601801 -22.894214033354 13.5439002436931 0.362254166872122 2.17333779525007
Choeropsis_liberiensis -20.3762180472681 -3.0251831391088 -5.44570769882582 4.6464530765756 0.465202092013418
Hipposideros_armiger 6.71871183122392 -4.50512684507611 -3.85892598428054 -3.09944954647311 1.23955136855839
Hippotragus_equinus -7.47850639026013 1.72665584771314 3.13053419521015 0.731441000004517 -6.08849372036313
Holmesina_occidentalis -32.2770489048242 -1.40706425407773 -9.79470527115371 2.08758075730277 5.45245446413591
Homocamelus_caninus -18.5875474723093 26.8054129137176 6.21393022972293 4.320273823048 -0.246315554540768
Homotherium_sp -6.80561444937076 10.2172278060492 1.72106465132527 3.05724227464652 -2.63598782535164
Hoplophoneus_primaevus 2.9116098186514 20.537657853896 4.68310661708305 1.72585960534126 0.196651590454594
Hyaena_hyaena -7.09719070715569 3.79753452059821 8.33247044251804 6.08164802200489 -2.14713711484781
Hyaenodon_paucidens -4.6666816895541 8.48989560789499 4.34054152263148 4.10780914263544 3.02393576099491
Hydropotes_inermis -20.4287335987873 -8.61025404181873 -0.221515634338322 2.83023139245117 -5.22553430819883
Hylobates_lar -16.3346626195084 -17.9155556061721 -4.3229677831765 -2.69080994802567 1.67889653744294
Hyracodon_nebraskensis -3.35809989217031 8.83103126641374 8.45675050038997 4.21647980852569 -2.7343011627726
Hystrix_cristata -10.5658911778296 -9.30913068545919 -1.47437297011653 1.7503619259034 -3.43108535304952
Ictitherium_viverrinum 0.122303789445446 12.1435017981497 9.90355959130387 3.64956533710746 1.34761586988861
Ictops_dakotensis -6.59107853888811 4.31556213165526 0.945388388509038 -0.838474619460882 1.34858425633003
Indri_indri -8.12315245565161 0.673187097483738 2.21169046260917 -1.35165583648551 -2.5859626409336
Inia_geoffrensis -10.4616764813664 24.5341790864511 -5.23620544894755 12.0927481889179 1.36355999554459
Kannabateomys_amblyonyx 7.74787105250089 -9.16926061079136 9.69113926217248 -2.86309020747928 -3.73942438684944
Kerivoula_minuta 15.934812402762 15.4375923456418 -22.083947889412 -6.37667256263094 -0.534213910929971
Kerodon_rupestris -4.4452731250661 -12.9320340249458 -0.0963196934920609 0.54661617309498 -4.67819601651503
Kobus_ellipsiprymnus -15.1560760962752 -6.40680178661097 -1.13212911929623 0.194982971969546 -6.66307690207661
Kogia_breviceps -23.1213903413756 41.7918711416652 -13.0215730531316 9.95027438576471 -6.56454847565906
Lagenorhynchus_albirostris 2.80659075456477 54.7277393539954 -13.5183749498617 7.60847732021091 1.77946898787288
Lasionycteris_noctivagans 14.3118207519871 16.3341800018982 -12.7430418654113 -5.47950747680815 -5.17222497320458
Leontopithecus_rosalia -10.5976638160913 -8.38537304189004 -0.214681995130908 -3.32655081050765 -0.827234002778113
Lepilemur_microdon -6.55139011672317 -1.24675770799034 -0.333858129264029 -1.90429963747806 -6.034432808732
Leptictis_sp -10.5176050797067 7.00819998989771 1.26213203529082 -1.76119369995929 -2.24534681971877
Lepus_californicus -16.0541255955261 -25.9002785800927 5.47098186221075 -0.786945533738054 -2.74615480016333
Lontra_felina 42.0373368342819 9.43711566609961 5.70326342752796 -1.48201297962049 -4.63667473091231
Loris_tardigradus -2.71426785257566 -4.91101004315223 4.48043851771655 -5.98270941029845 -2.14189577437403
Macrauchenia_sp -15.3056643733912 21.8111752773301 1.92055440887065 3.86326303662489 -6.20508652441942
Macroeuphractus_sp -15.021740938636 -15.8848010203881 -13.3584706077469 1.33016642432312 7.28480218725019
Macroscelides_proboscideus 3.95786671626417 -2.26148117434245 5.00434311684726 -5.14198000260336 -2.14015733610602
Manis_javanica 25.4580280406712 20.0600596675525 -3.97276066145733 -0.839045748476446 1.79740521642395
Massoutiera_mzabi 7.96049599666437 -11.81825610865 5.55608319168531 -4.02758145919475 -2.554486414897
Megaladapis_edwardsi -3.44959647578335 33.3713043450663 0.850094061931807 1.52672954398821 -2.41952032491063
Megaptera_novaeangliae -27.499192149354 35.6578369588944 -1.88579604237061 10.2940592365363 -0.397754549339252
Megatherium_americanum 5.01301292480618 12.0430671384674 -1.08486367046317 0.0923036602368604 0.38389677227429
Mephitis_mephitis 7.07013814281587 5.82909136885588 -0.248880398789031 -1.17253244873873 -1.77681646607499
Merycochoerus_proprius -27.5909588734579 -10.5459928038892 4.87385361611319 9.89659902401968 -2.07945969248076
Mesocyon_coryphaeus 9.48473068111031 14.3815133059851 8.43478519302435 3.48471791437882 -0.203493585071384
Mesohippus_meteulophus -19.1995502374804 0.724046960828769 5.0449166211596 3.78932327552651 -2.34267431673274
Mesoplodon_europaeus -18.484621094942 53.0513263346354 -8.246618979664 10.8045465828737 4.64454884598003
Metarhinus_fluviatilis -5.91371363390909 12.4294632884193 6.02959922164123 3.23634414958425 -2.01617075353828
Micropteropus_pusillus 2.23537699257214 8.80400041687297 -0.0828687446527315 -3.40923649533939 -0.0832503666546647
Miniochoerus_gracilis -10.1708760480987 -2.42839075249561 9.29056592104898 5.82229492030626 -1.3954808449653
Miniopterus_australis 14.308692917463 6.87623793559102 -18.1697222090356 -2.11397810363754 -3.04186918184393
Miolabis_fricki -20.7309521280133 17.3138672279573 2.96454631678521 3.44996388937677 -1.9425729281725
Moeritherium_andrewsi 9.14782098755849 -11.1940005145611 0.715493777299113 0.145101662985746 0.342750471347327
Molossus_rufus 10.0460853432022 -2.49724177712331 -15.0399175297378 -4.70449526382769 -1.31587555784507
Monachus_monachus 22.685091368579 17.4940392054703 5.40015039135503 3.73194721910597 -2.87911697068595
Mops_thersites 3.24030171405317 7.01282602581857 -14.006241565624 -6.39906057845998 -1.64930315514109
Moropus_elatus -11.2674034984938 10.5346712733064 4.85876534729204 3.17291211868998 -3.85799800216334
Moschus_moschiferus -31.7284460614584 8.69508868110861 -1.30921286570986 1.37918745631045 -6.43334063329479
Muntiacus_muntjak -24.9672658453949 -5.6727525137513 -3.10098345863684 2.70178132444248 -3.51649535840119
Myocastor_coypus -20.1962862346693 -11.2170867779519 -2.39389252445595 -1.21067882813268 -2.84941764079144
Myodes_gapperi 21.768732254289 -11.0489955208343 0.810046667471774 -0.676760372354696 0.147773341359326
Myospalax_psilurus -1.21955592839656 -57.4778705125525 2.21975071453432 8.68411324919067 0.846324859204585
Myotis_vivesi 12.7306881829325 16.3731052053919 -10.9415894278315 -3.2572364119286 -4.65825986061893
Mystacina_tuberculata 11.9153692237113 7.13663301804395 -12.8002584267001 -5.59732538843559 -2.41733884820743
Myzopoda_aurita 13.3445382980135 19.7973905364831 -20.0759625099864 -0.924598074859735 -0.232972727343743
Nandinia_binotata 20.2547870465766 17.5104865055394 2.4753570438221 -1.14563606808354 6.53283740240386
Natalus_major 8.4529786108922 -1.19638021400659 -10.4181451380414 -1.45781176240992 2.46162894703369
Neofelis_nebulosa 6.31039841451553 5.49805818569554 3.12984924993576 -0.279133180403009 -3.37095170171603
Neohipparion_affine -28.5783068638282 10.906957966612 3.38075569102124 3.72506168505807 -2.49739927608257
Neoparadoxia_cecilialina -1.63965269232761 -10.5678647462558 -5.57302364790611 9.68562004625106 -0.206326812829261
Neoreomys_australis -5.76011419982066 -12.8751283768764 2.32571025984422 0.18670760312681 -0.95153270203482
Neoromicia_nana 23.5609163925402 12.8964897134275 -20.9219629588312 0.858111860195258 9.11567658431463
Neotherium_mirum 24.4771103871157 28.0811136521562 -0.403031862683321 6.45088011720374 1.06018472372428
Neotoma_albigula 7.46417153438489 -12.8585038931752 2.23067001776495 -0.98817349664381 0.21949278406979
Nesomys_rufus 3.33164138198807 -15.2367146436924 -0.192829962675054 0.451623247064805 -2.98748206042541
Noctilio_albiventris 7.65806922815474 5.95742775732921 -19.4808301814287 -2.89834734721985 0.35274562303635
Nothrotheriops_sp -3.61522968322634 11.5431757121615 0.870391171772717 -2.70283175279274 -2.78032266016195
Notostylops_pendens -5.46266217257597 2.75450623174544 4.36845132521274 4.11494747487782 2.51604884076673
Nycteris_tragata 5.36657130213431 -3.18625971036568 -6.19927168180623 -9.89909653886645 0.477400466069132
Ochotona_pallasi 9.82163208169102 -20.2847105079509 5.97953402478798 -1.18230022495781 -0.79853546070178
Odobenocetops_peruvianus 59.841038269883 28.0160794003877 -25.9509152303546 15.0931468279222 -1.8983956828716
Odobenus_rosmarus 27.9502270829828 0.240434483259574 -0.296915225907888 -1.61482746417359 -1.93808574181781
Onychomys_leucogaster 16.0622041838331 -15.1488151400731 -4.76105656547778 1.1767128632412 2.14623438088841
Oodectes_sp 9.10571868770449 17.532718355996 5.37834817729587 2.0472408366682 0.801037330640525
Orycteropus_afer -14.6831854446079 8.66112319758483 -2.56629795992668 -2.54437876693865 0.504613183660821
Oryctolagus_cuniculus -10.9261208520902 -28.6212471929532 1.20582909125039 2.16091107775081 -0.310687705596228
Osbornodon_fricki -4.07331082375249 12.9019271700896 7.67985729766349 5.33225633772012 2.27671315039985
Otolemur_crassicaudatus -13.2604931434402 -3.47703257281001 0.928570059048325 -2.6109397553309 -3.512842657721
Otomys_angoniensis 13.2517434671214 -12.5659698528847 1.53399158305092 -0.665347638269958 1.7511842270905
Paedotherium_chapadmalensis -25.1006882555603 -19.0170405013063 -0.79033539002751 1.62547874071109 -2.48426167384963
Pakicetus_attocki -19.9223406297178 19.8555234529407 5.94298300727506 8.56270084933418 0.0761989629355329
Palaeocastor_fossor 4.51392255817354 -15.6510769230969 7.78902915835587 4.80970398079224 2.44318873379994
Palaeoprionodon_lamandini 27.6332061386755 18.9342374801292 9.48907360881587 2.5171321376349 0.0804793926975348
Palaeopropithecus_maximus 4.74935131289646 7.01497441823672 2.95776994070027 4.0643522924011 1.08053355657837
Pan_troglodytes -39.8231334027167 -20.0058013654468 -4.82323572244919 -0.262790952277624 2.40211974023213
Papio_hamadryas -46.7917661714154 -11.4274317719567 -2.92440997453159 -0.249122577581425 -2.89754561282648
Castoroides_kansensis -21.8882587073791 -13.1686230525083 -6.10860007860768 3.68859903645563 0.571672394914649
Paraceratherium_sp 18.2653248489822 0.400160265285722 12.0392115006885 4.82557815031884 -1.7811460634586
Paradoxurus_hermaphroditus 9.08692879006881 14.8590462125223 7.83375882983885 -0.233509505191778 0.682869603402606
Parahippus_tyleri -21.5553224952469 -6.11657886889908 10.9211324986016 5.08907511309366 -7.01157500655774
Pedetes_capensis -29.6228335488039 -28.8244416784586 -3.37367188650856 5.23608922713183 0.767912245488477
Petromus_typicus -5.85752340975399 -14.6806811403137 -2.00756957714808 1.12161928431588 -2.73477825844792
Petromyscus_shortridgei 12.6523294664581 -15.1291454407577 -5.34148350533932 -2.13335855389872 -2.72002578765364
Phenacocoelus_stouti -6.27875840582543 11.4587558478018 6.04997031120086 0.376495185087411 0.610535588541274
Phocoena_phocoena 21.7666613821837 56.3257594160177 -10.8110828148023 11.8735803164666 4.97949747846747
Physeter_macrocephalus -20.1387383739982 51.025065389613 -8.50963507851869 9.01258027628447 0.236212791081708
Pipistrellus_hesperidus 28.1917042596103 6.18326888394937 -15.7781025639556 -3.97182974579826 -4.48722800125202
Platanista_gangetica -9.82860696409424 34.8986688240319 -4.75320245622171 4.73816990622957 1.43149387330646
Platygonus_compressus -42.2433803556644 1.4765848970847 0.758692142498861 9.54427513446716 -2.34622958621254
Plesictis_lemanensis 29.3358243443125 24.8458911447692 10.2978662151485 1.38450601162902 -0.535800115394025
Pleurolestodon_aequidens 20.6871898038457 10.0886605475434 -4.35668545035039 5.8322189588894 5.89448141507847
Poebrotherium_sp -14.0970353433379 11.8658776642908 5.35951197771489 1.86571788803555 -5.81222811142924
Pongo_pygmaeus -27.2168203217253 -16.7769249460399 -2.82099217291929 1.19549297233269 0.0270643762263286
Pontoporia_blainvillei -17.9441949448943 23.9783195832765 -7.42548984006871 8.35074955328595 -0.316272690662902
Potamogale_velox 16.8889821062256 26.7246485684771 -5.17946412980215 6.06867779895172 -3.34020676728538
Potamotherium_valetoni 23.2584705700489 15.1412160311028 6.11659438669776 7.62190517549368 0.668966364852802
Potos_flavus 10.779542787584 2.57455024045312 4.90816450220823 -2.71177012588413 -2.6908770003816
Prionodon_pardicolor 30.6081679007055 13.6823831326605 10.2604281347947 -2.77948546567443 -0.798217660748462
Procavia_capensis -0.926378435448512 -12.0213580613293 -2.19088598991019 4.79316674403416 1.98673418203564
Prodeinotherium_hobleyi -9.5645793281254 8.86922074528039 2.67600606410691 7.7845787872275 -1.55295508678796
Proechimys_cuvieri 1.58609907300332 -7.14802027338418 0.841051579543108 -2.95554612752929 -2.10268623100715
Proneotherium_repenningi 28.9305607557019 30.9216428789947 9.06306191720178 5.3728848135637 -0.988202736853389
Propalaehoplophorus_australis -7.76743105824346 -2.25844881325245 -8.27436312386897 -1.95609874904919 1.66308680128392
Proteles_cristata 8.15090486499034 11.0625373499757 8.22074170492241 4.48217438753652 -0.515112552098483
Protosiren_sp 5.63003649666652 -4.21651195114635 -2.73383965570603 5.76765374832649 0.551995679516749
Protypotherium_attenuatum -1.20792883053709 -30.3764037352408 8.88187646485907 4.69479141782622 -0.545200103470009
Pseudorca_crassidens 1.15200253714401 43.5693416386913 -13.6055857017641 11.062885926086 8.02774939059719
Pterodon_dasyuroides 7.41308326894444 17.8372883142117 15.6509276476388 2.74646403776191 2.47120243041779
Pteronarctos_goedertae 21.7752795969041 26.8576793914753 1.00241329418959 3.77829214008731 -0.510255497907415
Pteropus_niger 8.75231742790204 -8.57902087677037 10.3195602114086 -0.980447688956093 5.29132031811849
Ptilocercus_lowii 5.93607461944879 8.70666051724526 -3.06730376692064 -0.435755968656072 -0.569592932655128
Puelia_coarctatus -12.7479285225811 -8.05497364828501 1.02703894588581 0.62668396000583 1.9096595981007
Puma_concolor 3.66169256723979 -1.64586336047828 3.65545640071403 1.71096386281884 -0.234989332522646
Ratufa_affinis 4.97671565629637 -20.4071136489112 2.08418349160731 3.13733739038693 -0.0550275974467065
Reithrodontomys_megalotis 16.4096473262051 -19.7650028146859 -4.55961572541078 -1.92546054557806 -2.95290511052871
Rhinolophus_acuminatus 7.01789413932988 -4.46312198177066 -6.42213103110656 -2.05715732879262 3.13513015443391
Rhinonicteris_aurantia 11.4026060325034 -2.06939191297321 -15.7387953837587 0.763621551196216 -1.68870157537518
Rhinopoma_hardwickii 15.8483305135797 2.61821832470097 -13.0738499703684 -1.01595938012143 6.72798471262143
Rhizomys_sinensis -1.27221997495895 -36.7611113249279 6.14641840214707 7.86300970688474 8.25771383015682
Rhynchocyon_petersi -26.2425381203463 5.5594032403239 -5.76290412543403 1.23702083535115 -1.86810226345646
Saccolaimus_saccolaimus 5.26578016847573 22.1604033001235 -8.60387101533013 -2.45642775920825 -0.174233475165328
Saiga_tatarica -27.4673733440272 7.68693269258006 -2.85403553816875 2.69819334460184 -4.96281045037489
Saimiri_sciureus -21.827069329319 -12.9217418430991 -4.74218761180308 -1.30697483065087 0.36499896765188
Scalopus_aquaticus 38.5824520059648 -11.9648384434333 9.38500010730383 -12.1677756344338 -7.38249456246021
Scelidotherium_sp -4.96305520943661 7.20786013247359 -0.554749667028851 0.209055549178361 4.52894317359833
Schizodelphis_morckhoviensis -34.6576806915755 42.1398013617858 -9.72457995639925 4.95334203806276 0.106566438532054
Sigmodon_leucotis -0.760582959773538 -16.2890486281481 -4.38206416451625 -1.30508198293304 -0.198598061660948
Sinorhinus_cornutus -1.03045286190138 7.6354349867861 6.04817961251721 3.62593416234888 -0.626937562245885
Smilodon_sp -1.45271687234926 22.6434852162819 2.94176183544795 5.18730705845866 -4.59683654713636
Solenodon_paradoxus -3.8092544766814 21.7523685473523 -3.66699010976453 -1.53557388545943 -2.2180635218458
Sorex_monticolus 55.0320172068904 15.5767898351505 -5.19462827172565 -12.0981933697016 -4.94139987651446
Spalax_leucodon 11.5119332232268 -52.382851319012 7.54707736942671 6.79245854397765 0.498439993269861
Coendou_spinosus -3.41401418702852 -2.68982840293614 -2.52328633372407 -1.69688402648746 -0.22466747605473
Stegotherium_tesselatum -9.23076917865312 3.23760951637689 -8.45586244762385 5.51033810883206 5.48064612678035
Steno_bredanensis -7.8894681715889 46.9551932385387 -8.98282177148097 7.94185977358681 3.05408065737067
Stenopsochoerus_sternbergi -13.951509835084 -4.01239392442038 8.13693157467471 2.98741000117458 -1.89921809841342
Stromeriella_franconica 20.9709506207324 11.0066620042337 5.75676976653906 0.521827336234717 5.54491632735403
Sus_scrofa -41.8758535575864 -10.5998710070769 -1.47329923542605 11.9529698488051 0.14260415940394
Syndyoceras_cooki -39.3791223260452 7.80632083110141 -2.35152638845629 4.55886788732115 -6.01382000491366
Tachyoryctes_splendens -0.31993616961745 -28.4794888924304 0.808860780828196 6.26728042186741 3.92395564683508
Tadarida_brasiliensis 9.64593664841884 -2.2682351237663 -12.0035277855192 -1.9585878803073 2.04004464800842
Talpa_occidentalis 41.6624922640966 -6.49990603453175 8.06291178202608 -11.7155295098828 -6.93237088477675
Tamandua_tetradactyla 1.10911640276468 15.581262914519 3.23618020299545 1.67280411352502 4.59981355834041
Tamias_striatus 8.80700617036 -19.9740523918139 7.23470167063432 1.48204825218502 -1.08923325351199
Tamiasciurus_douglasii 1.5163928041919 -27.4191972578417 3.22778375033863 0.327983632501005 0.730076427550024
Tapirus_terrestris 7.43895570001038 8.57649529501594 4.21864361619028 4.27465304141069 -0.901016792007792
Tarsius_tarsier -35.225779809672 -7.34097147987359 -6.95626890692757 -2.86943179977181 -7.58975460629269
Taxidea_taxus 22.1314084197964 6.01734176640777 2.64682736857473 0.173758700498482 1.06117303488465
Tayassu_pecari -33.6609631228951 -5.45042858372999 0.0549999292197841 9.33143881300313 0.768507535631362
Teleoceras_medicornutus 1.6564794104015 -2.13666525590462 11.8242851795734 7.69014902271054 -0.764542026195009
Tenrec_ecaudatus -8.28427773759149 15.6573557244283 7.81451346162227 0.127381083212738 1.28301426121111
Tetracerus_quadricornis -24.836661179364 1.49303623379117 0.55888894511645 2.41836873055346 -4.24817211732341
Thalassocnus_sp 6.04499364802165 7.20405572896199 -3.71314572575175 -0.866853316384847 -1.066409505156
Thoatherium_minisculum -17.8399214598553 6.43169119640757 0.351630756726399 3.01036053514447 -2.45979695473733
Thomomys_talpoides 11.6672219199967 -21.6432078277206 6.94745725015623 1.26983209427321 -2.17232571975469
Thryonomys_swinderianus -13.728721068066 -6.66019478140447 0.406885414995276 3.9602422133855 -1.69692599804292
Thyroptera_tricolor 3.75048538683057 12.0136276190198 -11.3719324010966 -7.1111988632363 -0.493980174415299
Tolypeutes_tricinctus -12.7575104281495 -18.2803973379139 -8.92590671871951 2.52090082579835 4.66319310090317
Tomopeas_ravus 22.4607312206782 10.7038537680035 -13.3300268907929 -3.85967241815088 -1.19445249490437
Tragelaphus_scriptus -12.2846512510381 3.11950818319451 0.485065991225666 2.36110937688458 -5.53068093719259
Tragulus_javanicus -19.4942338444741 -8.41197027288989 0.063302413068732 3.08990558575416 -2.51603357804044
Trichechus_senegalensis 24.7209558777073 -9.76721367841519 -6.06704342400861 -0.91157822237123 1.64847592841553
Trogosus_grangeri -21.0701383657389 1.2722913371281 1.91611183751942 2.25424210937575 1.87470006398256
Tupaia_glis -4.41979082002623 9.94947607759306 -2.27384462262379 -0.929092950435327 -2.72402485908127
Tursiops_truncatus -8.55466809974087 41.921987779743 -9.40773197280285 9.43779132673611 0.781208263015715
Tylomys_nudicaudus 16.9376297973694 -2.25161733564491 4.9298426428414 -2.47140665065089 -2.34559148391632
Tympanoctomys_barrerae 26.4615125917669 -23.1984883357154 14.1470597110237 -8.37782395513798 -3.68738342149214
Uintatherium_anceps -3.0846463185451 11.5112242795784 -3.18256987231594 3.41446067215454 -0.697681904504861
Ictidomys_tridecemlineatus 0.390426071331077 -18.5327621722311 2.19965594159793 2.28499073894364 -0.153025012095573
Vampyrum_spectrum -6.39793219621398 7.76225198700118 -4.76812808390585 -1.3657819916011 0.0387937797429393
Viverra_tangalunga 13.7397153944721 19.9954543253312 9.54235927778385 1.67043714422432 -1.22734255770217
Vulpes_pallida 1.29372346920375 14.0899687518439 4.7274893043927 1.77453555084156 0.801847150167041
Xiphiacetus_bossi -37.0011813947258 46.6249874282098 -4.89087261280435 7.84653098484936 1.25516369702859
Zalophus_californianus 32.36049163853 31.685878867985 2.34604831092301 4.99998059174121 -3.66917368954516
Zapus_hudsonius 9.25828753681179 -30.0348193251948 -0.656806011318389 -2.68600885658151 -3.3553902871349
Zodiolestes_sp 6.23697745439741 6.50547637717095 8.77635510418139 2.94614302804161 0.547478747729162
