Acinonyx_jubatus -26.5751145890473 -8.86253044398652 -3.92541441189573 -1.59124479119079 -16.0738394247815 -1.13318829635915
Acratocnus_odontrigonus 23.2757593826772 -29.5916791936741 10.0143304203592 -6.11187314208583 1.90479705542939 -1.58628444924411
Adapis_magnus -14.2066229920468 -6.97398475439351 1.89996609320824 -4.41655558862912 -3.69049818705064 -0.0346109267519745
Adinotherium_ovinum 19.9809733437485 -19.7257949250228 5.76037177726165 -2.85290539660598 -8.616845047479 3.99831518095986
Aelurocyon_sp -12.9389878375488 -2.37654303964867 1.99184518879702 5.51432500120171 0.521985610911831 1.87675786579674
Aepyceros_melampus -35.2132297663195 -14.4073572944166 0.0825653669695735 -5.33360106118032 3.34135238799551 5.27572327851747
Aetiocetus_cotylalveus 8.38026384916465 8.48746627837262 -20.0813195668293 6.40206382360484 -3.86461691324416 -4.38751951182402
Agriochoerus_sp -25.2379889019169 11.7692097949681 -11.0966214851546 -5.60984218277236 8.00424411043898 3.04561017567678
Ailuropoda_melanoleuca 13.599625497158 2.03096499267442 -6.10545602915494 -11.3570483968297 2.14893596204046 -2.41198154434445
Ailurus_fulgens 0.738984783720981 0.91487085569949 -9.3956542658759 5.10392928801813 2.8530117816122 3.33589094070383
Aletomeryx_scotti -32.5397699082303 -13.2477342008249 -6.68983275954325 3.18804179378053 12.1212787030554 0.739201193330594
Allodesmus_gracilis 21.7266010298645 0.053755041302987 -11.6074387833991 9.19406052821592 -5.00043421391211 -3.45292824636137
Alouatta_palliata -20.2925459142463 -9.53531556881255 4.25262314471712 -4.19049472515787 -0.760286764283439 0.391378630399881
Amblysomus_hottentotus -7.82929731432366 5.26908183560736 -12.25432795319 4.14306645277595 -10.9662327938911 5.28390355284409
Anchitherium_agalensis -12.330279959789 3.7893054647118 2.85470734178602 -15.938143581786 11.5762028452588 -1.63077089307979
Anomalurus_beecrofti 21.9884341810908 -10.54220954546 12.789529288828 -6.40268439097225 0.797373344545728 -4.87135153215834
Anoplotherium_commune -5.89932514157629 -3.53047335575125 -8.36379688905534 6.79182139737849 5.60945147234325 4.90409796481248
Antilocapra_americana -12.1375948108277 -11.3510790320439 1.98232881972785 -2.73729326889455 -0.976832769880436 -0.142143544748655
Aotus_trivirgatus -15.6471967068626 -0.041087558424676 3.93538256158572 -12.0037204951418 -6.86669107297773 -3.68252293532114
Apternodus_brevirostris -12.9230164927684 14.772046976961 1.42795838795073 4.11104742238275 -3.72686143803805 2.96825140502738
Archaeolemur_edwardsi -1.40963936518664 -21.3079014689807 4.20410880705154 -20.2154822661337 -2.60217923958584 -8.71879880839234
Arctictis_binturong -2.27991530294236 4.70604571693217 -18.1606775150375 5.00975952441073 -9.23247935770953 -0.616066196704722
Arctodus_simum 0.0685531906043088 -14.1030352413231 -18.8602426926143 0.131092777065353 -6.18520771732786 1.30061305761782
Arsinoitherium_zitteli -30.5838706659246 -40.7707759339158 2.208317175828 -4.84365036049824 0.751524469233169 3.81749777900167
Aselliscus_tricuspidatus -53.8082953795671 23.3183176638281 -0.818619719655234 4.88371567067015 -2.35499683473852 0.569232923658738
Astrapotherium_magnum 21.2086609182468 -31.0358501948283 -2.06138330250633 3.41842465777031 4.57680471234619 -3.75640646004332
Ateles_belzebuth -28.1551433873545 -8.74693513636435 3.75973328823729 -10.407809645928 -7.36517169507742 -4.89809244961034
Atherurus_africanus 22.0314766918573 -8.02583366438799 9.95000008093304 -1.38814495725988 3.10320510749753 -7.07531365387551
Balaenoptera_musculus 71.2201024910622 10.6153537557379 -11.5785386418993 4.01001853293812 -7.15321799959737 3.09385382169684
Barbourofelis_morrisi -48.1523349001155 -12.8037481810855 -5.23821416535378 -4.43513570975079 -8.14131711586442 4.70067113231777
Bauerus_dubiaquercus 2.62442713650399 -0.5941274233055 -14.5901987179268 13.2049447511799 -4.60344576020672 0.554391769706016
Bos_taurus -13.3105521878035 -20.3225262829746 3.78758747799284 6.42203329173768 3.01774169537663 3.68325637751475
Brachyphylla_cavernarum 2.30729585736389 12.9440344105086 -12.5480946605736 9.54916968419354 -4.83770955327491 -9.92375156731253
Bradypus_tridactylus -17.3193635925355 -21.8442309945872 4.79458356248365 2.32564117321061 -1.37496016369107 -4.10669122175684
Brontops_brachycephalus -0.566126325010057 17.6617002875751 -8.25831586313933 -13.1387764522293 -0.797718404122146 -5.86724938814994
Cacajao_calvus -20.5798443876377 -11.0439534539093 2.23425426674616 -6.73448933991684 -5.10359549351442 0.0857224147783296
Caenopus_copei -14.4362378016985 -12.2614874209513 -14.8831552272823 -24.9824609334454 13.8899643936328 -9.96442803036923
Cainotherium_laticurvatum -15.0984738552422 16.1136115144989 5.14600785335782 -0.868326968084132 0.438530134041416 0.217164578580444
Callicebus_moloch -17.6541292981283 -5.83942795839187 3.08836236983828 -5.31581052739258 -11.812247389137 -3.66476501781625
Callorhinus_ursinus -9.98090157262183 -8.10217022985907 -7.33309021081167 -8.8182766692417 6.43666417108885 -8.41208859857511
Callosciurus_caniceps 12.8144033211485 -2.60488264560964 14.8395882551198 -0.157727285242149 -1.46532366607598 -2.90396863596722
Camelus_dromedarius 4.41697653980311 -17.2168376892627 7.40873808058552 2.85327194636871 1.84960425089332 0.499646350598601
Canis_lupus -19.2117094195123 -2.84878470184512 -7.37975031466262 -0.466794955106989 -1.20308374193139 4.1928502870999
Caperea_marginata 73.8110057380834 7.16638584967703 2.30555348644293 7.02688808587494 -7.25606328941635 0.662281927103526
Capra_ibex -19.9271782208728 -5.99064238837112 3.17849318557921 0.643807092486484 -0.643082312811813 -0.51549136557591
Capricornis_sumatraensis 0.74824974105003 -15.421697852476 2.89210536143546 -1.19416820830875 -1.16426087057882 0.605916522970456
Cardioderma_cor -26.1572217346548 13.3669340911107 7.08298452006445 -0.861760774145788 -3.43460862467159 -9.06789071555501
Carterodon_sulcidens -0.0574599181485658 -10.9136595340699 9.14838184520271 -2.08982349980215 3.17970317108583 -1.20807488640211
Castor_canadensis 48.6631149497422 -22.9719461120726 8.23402699444742 -7.88507690749152 0.0411619025040116 1.08274542610194
Castoroides_ohioensis 42.6838703608418 -44.2493939558625 2.05112907728925 -15.751726876778 -3.26708645262538 -1.90951827809493
Cavia_aperea 23.2188845931481 6.62323054777606 15.6477734825643 -7.57033737710998 -2.31547514010692 -2.07897734598619
Cebupithecia_sarmientai -31.6735832260372 -31.9151105122609 2.87203169433204 -1.13452976526275 4.79057275870233 4.92578663220001
Sapajus_apella -5.86525629176634 -8.70021952019598 0.0757237933829906 -9.31901243391094 -8.86354950829859 -4.06223162299216
Centurio_senex -38.0667208397309 4.08655300377737 7.30091224755387 0.317267822767588 -10.4531010020687 -3.854609151077
Cephalophus_nigrifrons -11.6169758288214 -4.5660137198989 8.58162254912944 -5.26113689751869 -4.1839980452625 -2.20325226501147
Cephalorhynchus_commersonii -31.6086261225931 -10.4451698977806 5.75864922891349 2.02838502018992 -6.22749287547472 8.9637767381517
Ceratogaulus_hatcheri 1.91664642643115 -37.7006140823055 4.11679449886925 -2.16494831564987 4.72174557712098 3.95054099912108
Cervus_elaphus -6.04055556978829 -8.39350278419019 -0.290863720475628 3.590551297509 -1.73647798796528 -0.276235931100528
Cheirogaleus_medius -8.05913921246689 15.6846596004726 1.23377333767563 -2.00830747918594 -14.7075305492556 0.347649351401782
Chironax_melanocephalus -1.48862384723699 12.713798490283 -14.6314922606626 5.17231601894576 -4.54377643096381 0.757148480671325
Choloepus_hoffmanni 15.0112855817615 -9.09922323727797 11.0743402072217 -1.13951547146539 1.94655232622955 -2.95895480846813
Chrotopterus_auritus -22.1957953534719 15.0841433811082 4.30601512223528 18.973172904899 1.42511159428717 12.9375282752693
Chrysospalax_trevelyani -2.62893686662551 -4.21588859264277 -17.660771898913 7.58331684183884 -3.80312806817208 7.99067168935644
Cistugo_lesueuri -1.01463037251506 8.2033227533823 2.05853792201184 9.79641132078325 -13.9905129827471 -2.28548176915003
Coelodonta_antiquitatus -30.9541036872705 -14.7714598869545 4.15547040299928 -13.4510604105462 -0.177609604674569 -1.73389442817546
Colobus_guereza -3.62655489268584 -11.0927329139637 4.56209822339291 -3.16670037574092 -10.357382881023 1.44206861533466
Coronodon_havensteini -27.0539291834667 9.99531029720971 -7.34289655715884 19.7180283385075 -11.3592258206242 -13.0618476103225
Coryphodon_hamatus 1.67059496027223 -5.73611341160868 5.37059042874624 1.39356899619216 3.47063770561259 1.69392228621157
Cotylocara_macei -26.7777099571011 -16.3240045922151 -5.22672133395274 0.468249740991745 0.12291452238413 5.46117160478812
Craseonycteris_thonglongyai -26.9903817422686 2.97038727129367 -4.96523920553091 5.15651214403837 -9.9707449455649 1.48389479380872
Cricetomys_gambianus 25.4902434175196 -8.06110137464656 15.2784158656848 -1.04061654311128 2.23327391662163 -5.92317771146555
Cricetus_cricetus 28.3110464080053 -17.0219913455633 13.6214440976869 0.403290039036967 4.21623721237694 -2.98118851253761
Fukomys_mechowi 58.0598018544452 -34.2333608828398 1.79898843149116 4.5190170457187 6.64487653734531 -2.44806512848
Ctenomys_knighti 13.0060911006342 -16.6782677525543 9.00698995948765 -8.49642942261337 3.1932072173627 -1.82306178142387
Cuniculus_paca 16.7192959900033 3.24720577918741 -5.26799575856662 -3.9044835703896 11.7735025549589 -0.463264602625664
Cyclopes_didactylus -8.11027390737156 33.7108110428245 -5.40459433897538 16.0500349979796 -8.43895967722492 -0.597901857078817
Cynocephalus_volans -25.5688612940458 27.972388682582 -9.35099198011228 -14.4449921297362 -8.54673936601873 3.69317316835508
Cynomys_ludovicianus 30.1497949663284 3.01907973189627 6.58799066848867 2.15097440159633 3.15434138263538 -4.59776611194
Dacrytherium_sp -15.9358981182406 4.25716975353291 -7.99492555229124 3.92179379716536 0.537337817329342 5.39263988151901
Daphoenus_vetus -24.7973548500758 1.15491068720249 -0.58290214890451 3.9131595326278 4.7050805417662 1.26649956986461
Dasyprocta_mexicana -0.476633789270853 -1.92674911001347 5.02108334664044 -6.7453154610867 3.91283551643791 -3.19761950515462
Dasypus_novemcinctus 38.669219146109 -6.92676706951019 -0.83824773416574 17.0811971027021 -9.88941377542947 -5.83256268282405
Daubentonia_madagascariensis -25.6925575836519 -20.7460165733604 8.02341604119815 -2.7708107621895 -3.32013139989436 -1.62263041410565
Delphinapterus_leucas -23.7946960310653 -0.670698525002145 -2.23063638236624 1.7832693542501 -24.9026698854656 5.3766980127769
Delphinus_delphis -33.6500790718681 -25.1844709397091 12.9782956515198 15.4910313512516 3.27621514074058 4.82325186190791
Deomys_ferrugineus 31.7891627485179 -8.34751914681144 5.5374911843103 -2.72950782118126 1.3063557261213 -2.8992886268985
Desmocyon_matthewsi -17.9243151806749 7.64259973829063 -1.34955338123218 2.82960700267632 -0.66815380449507 2.66129424923139
Diaemus_youngi -20.3277068922581 -9.00698835327733 0.315884311147911 9.48251401036274 -10.5529879443586 -12.4622793332519
Diceros_bicornis -10.8583182385442 -25.3926209855201 0.0052776089294316 -14.9670577782108 4.76662009428963 -7.78900502751035
Dinictis_squalidens -19.8630433140663 -7.37404454576325 1.73678706903879 -4.24798503119379 -4.97947621685125 4.58783071254315
Diplacodon_progressum -20.0383862102376 13.6471283664896 -7.21342084012168 -14.3760789499475 0.167137401339563 -3.77963056583312
Dipodomys_ordii 13.9509383137322 -13.8800960960344 17.8064709017852 5.12450746599483 3.32250620819001 4.44473711245831
Dobsonia_moluccensis 19.1621849327484 9.0924450760611 -10.3413410923792 4.48561633338756 -9.55048283976157 -1.91729065516038
Dolichotis_patagonum -14.1923793708508 6.58798633711546 0.283940794540413 -15.2710589519648 -1.95387846521516 -5.74316597203906
Dorudon_atrox 31.8030105975524 3.46546661469841 -49.8199025899687 13.7709792457973 -7.38192485319991 0.284277831647371
Duchesneodus_uintensis -13.09677954168 10.4592641734763 -6.02573028749516 -16.3062717966514 0.209957734070394 -7.2395695435873
Dugong_dugon 3.70683261090164 -22.1303017430117 7.22209428866102 -10.2051650990705 -0.0742825538383168 -6.10313553035054
Dusisiren_jordani 7.25466897071391 -11.4769734962153 3.09032614455013 -10.1374961979107 2.91958361276787 -4.05362795176695
Coendou_rufescens 20.7136290156792 -13.8139962074439 11.5661537327252 -11.8657573649352 1.63256104662876 -6.20870543206864
Echinosorex_gymnura 17.6035704907328 2.13292164567668 -1.55631598576135 5.41962030975959 2.36928976334236 6.46059445301035
Elasmotherium_sp -59.120010873477 -16.7532209146292 9.10374466708875 7.85604193391934 1.43741171805967 -2.31325632508294
Elephas_maximus -3.88805461628359 -70.0396816892904 4.94759207893898 -1.00824697471527 7.15628356976609 -6.37297327466018
Eleutherocercus_tucumanus 52.3062094101901 -78.1685724198399 -10.305257982235 -8.23943226917728 1.82918014777895 4.18616616436372
Elotherium_sp 5.4288909255632 21.1930364432311 11.5089626662968 -8.76040963828561 4.54833405758003 -8.50490742327252
Entoptychus_sp 19.8689281785544 -26.082485929742 4.38448867611785 7.79936696226931 11.2762535487297 -0.710398715049681
Epimanteoceras_formusus -13.33843811195 23.9162276832189 -4.29529381716861 -12.6050591345725 3.08456224704214 -4.12830471472067
Eporeodon_meagherensis 4.9942696209714 -0.218082221645811 -11.4606960302402 0.76387947032776 2.49149136319285 -1.31164728096006
Equus_caballus -30.9283996437004 -9.01518705422299 -4.53856092335574 -22.0829505403835 3.00351774723076 -3.85953926193832
Erethizon_dorsatum 25.2467310564197 -26.4087574596338 8.56111625068059 -17.7450939232091 -2.23951177252498 -1.83092056784997
Erinaceus_europaeus 13.6512111191901 -3.20245900032603 -3.20981053980779 3.36762667947296 -3.6555433850925 3.34653101544775
Eschrichtius_robustus 51.0642269136805 13.4244291128934 2.09919069884519 3.7497401569083 -6.11919100882287 -5.45192432976465
Eubalaena_australis 73.8854798436203 10.1028146495303 8.21387654933772 6.48353633322146 -14.7926617303051 -0.328692365288165
Euhapsis_ellicottae 48.8947430439797 -45.8864512515459 6.67555800766339 -9.9021575267409 5.8204175765906 1.25180155397943
Eulemur_macaco 2.49165408116893 12.3602242840009 -4.78683767133098 -16.3640401176217 -6.45801570777231 -2.92984929749703
Eusmilus_dakotensis -21.0143295480347 -23.1907487423454 -3.02492773735167 -11.0493127749033 -9.08237842011818 5.25325363857852
Fossa_fossana 8.3219117763049 7.39353445126163 -4.15079002098442 5.00504664019935 0.729026632740135 -3.44336653925048
Furipterus_horrens -5.18589785953396 9.71864397983911 -3.5687670408743 -0.12553571414469 -7.66706747506325 6.54540779410518
Galidia_elegans -10.2650829489662 11.1242340271613 -18.8630514184231 1.03099526634362 -0.2276359772226 -0.456862067032152
Giraffa_camelopardalis -6.14169170922496 -8.61299667705068 11.8084387510421 -4.47489694415342 2.03367400665956 0.535004333641542
Glaucomys_sabrinus 22.7357288131701 1.62001579840199 7.64334320368067 4.4270970452075 -3.67326993961699 -3.81996861504628
Glossotherium_robustum -13.3650369693942 -6.78737025500096 0.11816792839311 -1.77650367619839 -5.35303881639755 -9.59628527796711
Glyptodon_typus 68.5612631360215 -78.3904939695131 -10.727402735367 -11.2071294099833 10.8286977227411 5.80908910514363
Gorilla_gorilla -18.8421713325241 -43.3517866605696 9.14232675798351 0.534101920528945 -1.37708712601429 0.92770777367873
Graphiurus_murinus -9.86015077282232 2.00493964344535 0.392870452542443 -1.79592589706118 -4.06751401625123 -2.35595937308341
Hapalops_elongatus -9.19652863152673 5.36318009505748 2.38819601812103 0.786924805832899 7.61638761787372 -6.82746050601949
Harpagolestes_macrocephalus -22.3117471468512 20.1166574420092 1.24183926697543 9.25269928358005 -0.754576165921439 1.26369534096226
Helarctos_malayanus -3.12019693837617 -5.19949401458644 -6.90890255794126 2.95104617127666 -4.63868263434855 -1.08125514219111
Hemigalus_derbyanus 1.6315397425351 6.25599094211555 -7.57256692148267 6.26949877035964 1.71754564477937 -1.69150977381941
Herpestes_javanicus 6.8166328858699 4.04288218324485 -19.5079159826228 12.3749387567061 2.52720704048309 2.18995030216613
Hesperogaulus_wilsoni 20.8979929291945 -16.9826102076568 3.69686079198356 2.0903904810698 -1.04946761984483 -0.0500213937409795
Choeropsis_liberiensis 41.4682120888938 -12.1458002658624 9.64731644564581 4.40660319911268 1.7663761521747 0.453981316430695
Hipposideros_armiger -26.7166629595359 27.4676925186727 8.02113440538315 4.56048209172121 -4.93932361284081 -9.58483436390009
Hippotragus_equinus -11.5472282715655 -3.61511622241756 -2.20254045774796 1.22004145233631 2.78180797856606 -5.39516456424858
Holmesina_occidentalis 56.2501719057139 -7.59088614786871 6.67107876135178 6.5471423787754 -2.24276050870054 5.12395270616069
Homocamelus_caninus 2.58452265441544 4.72374907838738 -7.65197453014808 2.6219846725074 3.24025178899929 2.36499679994603
Homotherium_sp -28.3471545882815 -10.4015020429843 -6.16498840958753 -2.29959173167641 -9.42260391784771 1.92163084077016
Hoplophoneus_primaevus -30.0112543096052 -14.0977711326094 -5.58203507824178 -7.69689796189099 -8.49758101060032 5.40492190029529
Hyaena_hyaena -2.61057776389749 -3.1375199352145 -7.65961255353899 1.00904161755394 -2.24214256435871 -1.16963375550395
Hyaenodon_paucidens 23.2563188077772 5.17884168205934 -17.5008447572579 15.0453052845815 -10.7371099846784 4.8290793868467
Hydropotes_inermis 3.0156411566918 -13.6633062012719 -3.51662428638092 -0.946070953153564 -1.61369348942919 -4.17697844287545
Hylobates_lar -9.38595156875313 -16.0703110197898 -3.53487500046377 -6.36192293896917 -10.0726088353703 2.42527524842679
Hyracodon_nebraskensis -7.83409012334882 -19.5514925270673 -5.55178887202576 -23.3472179316123 6.04828300411124 -14.1043029867998
Hystrix_cristata 4.70995140152022 -24.263408615187 3.92831555381514 -12.0496407945654 3.32801528795654 -11.6008183155673
Ictitherium_viverrinum 4.78507524634869 3.11236947489684 0.695684949807796 -1.73847312164711 -1.52245001233125 3.34324647008378
Ictops_dakotensis -10.0800272737573 12.8285791439255 -2.01467225341322 -2.33270379524618 3.67382079027553 0.236612138248036
Indri_indri -23.8488094593712 8.29736163753562 -14.0265072282693 -20.3204005538458 -1.73732366904844 -9.16501067544091
Inia_geoffrensis -3.79959295316847 -7.68971318180862 -7.02729789042879 24.5426749837277 -2.24557658504526 1.8947041528232
Kannabateomys_amblyonyx 34.0086686934474 -14.51259242304 10.6485118273828 -9.27741091684556 5.03895931913098 -4.2924478126645
Kerivoula_minuta 11.2808636856225 -6.35288745940632 1.46880520446919 16.6907320117596 -13.6882541388864 1.29250436265074
Kerodon_rupestris 9.84809926836744 18.215258358108 10.4102150820798 -12.7771690233569 -3.60601837099111 -6.03784320033002
Kobus_ellipsiprymnus -17.3633868615371 -12.8128059819607 0.301038372687029 -0.89977652790137 2.01882709104259 -2.2880346752849
Kogia_breviceps -42.2010724480728 2.3708263322666 3.98417259102275 9.55681526878683 -19.4425550830946 9.13683023773874
Lagenorhynchus_albirostris -29.9241203803515 -23.9002004303912 4.2504565048179 1.88465959484824 -17.1307201178164 13.0866821722043
Lasionycteris_noctivagans 7.36915698996776 1.01378437383915 8.55339823853286 10.7777886464578 -11.8642673248255 -3.35558812000634
Leontopithecus_rosalia -12.1647634699622 -3.21915472411317 7.19266488890608 1.45727659455733 -5.33455294836489 -2.54263993020642
Lepilemur_microdon -12.0403867553945 14.6080041669697 2.80199113049627 -10.5723007788181 -10.6674407124987 -6.08183769127642
Leptictis_sp -6.17445082289711 8.55824745653186 -1.68293718258138 -3.35361324845364 0.953108126376447 -4.2774265869119
Lepus_californicus -30.0115111314296 -4.42619228543876 7.29995064184127 -13.0774419116746 -0.699980215385169 -7.85752214381046
Lontra_felina -6.75298448065187 14.015979520498 -8.78517936098326 9.68969364828608 1.28326504948003 -2.07866475002356
Loris_tardigradus -6.72584296320276 10.7211476434797 1.25050105632499 -1.17468392875813 -10.4676975941249 -1.13904610267511
Macrauchenia_sp -36.2445905231455 -6.08691906886996 -2.43723264236421 -17.8959377691416 2.28531681556107 -3.59104978332492
Macroeuphractus_sp 33.026455156722 -22.7805066008564 11.0111675969975 -2.05806590689729 8.02105832622601 -5.09892994651906
Macroscelides_proboscideus -7.0980088675787 -10.5603219967348 2.53466698133677 3.47845560056092 -12.3659589837677 5.36068104248024
Manis_javanica 26.7385437746958 -11.6506881617387 -17.7626497635423 6.86710933176827 3.97805609398772 -7.1747827727909
Massoutiera_mzabi 24.5540878259225 3.57410366876093 12.518321187761 4.38661527577312 -2.78715849066362 0.411950820553948
Megaladapis_edwardsi -15.4320242904985 -24.8211942377626 4.04535555063382 -3.99120304781166 5.4081303799005 -2.12093990386729
Megaptera_novaeangliae 64.7262942087053 4.31205306073932 -10.287337260232 2.81393675727488 -15.3164814363353 1.9967817368881
Megatherium_americanum 5.83008819404139 -45.1095847961936 -1.39282640222002 -15.27723142408 4.53133167786568 -4.9275290685321
Mephitis_mephitis -30.9490654794401 5.94908543532003 -3.41193968950929 -0.231224907744256 -2.66882766491039 1.02157608194579
Merycochoerus_proprius 22.8590032606141 -3.26553675166222 -14.9425919114396 6.14074947346023 -2.91259097793596 4.81880544099204
Mesocyon_coryphaeus -18.8353281242236 2.41619517425588 -2.42146997387959 7.95907503266296 2.83760235594853 5.72599856540019
Mesohippus_meteulophus -19.8205543712419 2.97399648088363 6.15216283826203 -19.0077137481564 8.867056290889 -6.83894048442059
Mesoplodon_europaeus -47.7421694670499 -31.7295775348832 8.65728368333313 7.27844335468269 -4.98041857662586 9.48032499005378
Metarhinus_fluviatilis -29.1005082838965 11.8384267451986 -7.27198817178038 -9.9988567781258 3.93191040799143 -4.4749778663028
Micropteropus_pusillus 0.443370612657986 15.0910907692455 -12.9995383398717 13.6514667826793 -14.8361578089501 1.93029391677968
Miniochoerus_gracilis 7.75761594880334 -0.8246898295313 -2.42507044873094 -1.80032450885621 2.68505334058551 2.92997341876861
Miniopterus_australis -1.98675304904701 -1.05106798512425 -1.5003437397417 9.71699121208301 -5.21555441252103 9.40140933240854
Miolabis_fricki -4.96971955193035 16.4094785388774 -7.01397289335034 1.01599503779121 3.69088787040956 -0.429616723274139
Moeritherium_andrewsi 42.4652661932693 -31.0804617954855 1.1888971875509 -7.02087195170522 2.42894048489005 -0.321031748686726
Molossus_rufus -21.7620316567335 11.8031390114432 8.77476022952567 0.761958442593279 -11.0891395776249 0.384161963042223
Monachus_monachus -21.3422842546524 10.9894071832812 -0.456462199056137 1.41678577472576 -16.7915051064916 -11.138806618427
Mops_thersites -7.81559156299442 6.62115433859185 1.16475256014486 2.98743320063221 -9.6921642762126 -5.98971641412038
Moropus_elatus 15.3506553528812 7.75211800621794 7.33061472498613 -8.15380060452025 -2.37616263101342 -4.98596185239217
Moschus_moschiferus -5.01187908792627 -7.68293762755516 2.52210569811096 3.52815276482838 -2.19922319356064 0.0844559187305043
Muntiacus_muntjak 12.4834351021604 -4.53112695498502 4.9100795090372 4.35366276062172 -2.47868333159843 -0.555581326475245
Myocastor_coypus 21.9208613165607 -24.0616304004178 3.50181320393155 0.535212578193765 -4.12766043957268 -10.4469524337125
Myodes_gapperi 17.3385274349606 -11.206059088786 24.8004442111729 4.72720892962489 2.96937009250512 -0.381419878652146
Myospalax_psilurus 30.3311647597115 -41.4287039827089 9.1491458348693 7.16994302190228 4.73234321290556 -1.8861058372146
Myotis_vivesi 13.4203619890116 5.45958245604185 -16.9124211968711 11.9665466594302 -10.4023154064895 4.90076926199957
Mystacina_tuberculata -12.5023173209392 4.53289360084037 -4.07409331081103 8.01742986269124 -4.1486265013811 -0.667143420675773
Myzopoda_aurita -26.0212658548273 5.10731797259928 -2.92968552314648 -0.0271817703275876 0.748565869442321 -3.29935392277705
Nandinia_binotata -28.6995396217934 4.13478810069217 -18.6228560511825 1.86005700105671 -3.6987747351435 5.29542629966059
Natalus_major 3.3210785160964 17.1877355440524 -12.9258195437187 14.5665265520341 -3.40548251683327 9.16668234044436
Neofelis_nebulosa -21.9537904491999 1.19038683873533 -3.91943412430902 7.06348770727179 -6.48835282578458 6.80657842594556
Neohipparion_affine -25.9538841937484 -0.18941542251845 -8.40506303435612 -24.4876426062707 10.4156782829473 -6.32176720062858
Neoparadoxia_cecilialina 38.6137075307496 -7.79565122781084 -10.3286851756674 -4.97212256944354 -12.9108402776133 0.136595017429835
Neoreomys_australis -18.8522632371099 -5.53192820857924 29.3372101033667 7.46461180172119 -0.762334595018228 2.12666508968768
Neoromicia_nana -5.87685219414469 3.13279631968583 -0.0825725659295687 14.0318914805498 -12.2545741026697 0.476060619629367
Neotherium_mirum -20.1476367180154 3.74669888839757 -16.4574269708754 5.22847518109175 -2.5650887802114 -0.147212145726051
Neotoma_albigula 21.9199219294706 -6.93358966008366 10.0692367492854 -10.6138400598584 3.25795322396529 -4.62882730010849
Nesomys_rufus 20.5225479777407 2.03293951530008 6.93702594135721 -3.26175311318829 0.0278857290901035 -3.34102708103536
Noctilio_albiventris 11.4495121733192 -3.25135604796002 2.17369428868388 4.7554749963208 -5.90519539389595 1.68316608056207
Nothrotheriops_sp -20.3678824252917 -5.36911363797849 11.500190668478 6.27035629004466 3.84840267222096 4.11523549474656
Notostylops_pendens -7.87828170842579 -20.5519062084217 5.81158777023471 1.85644876873722 3.92296506493585 -2.51426440504022
Nycteris_tragata -63.7909108202893 25.4450494173785 7.21444149411591 -0.273711355775261 -10.5993781068257 -2.66579817818393
Ochotona_pallasi 1.53244526754154 1.0928038034572 6.17895063945243 -5.93658986107387 1.74455433363358 -12.2729563953557
Odobenocetops_peruvianus -32.3949307578931 -31.5231428943249 -1.78224865235299 51.2513626389943 -7.12445502383082 -1.71291484957957
Odobenus_rosmarus 28.1067630097329 -3.88937153126217 1.99973248163281 4.15966464792165 -13.1798451421558 -1.07185435532177
Onychomys_leucogaster 17.1430373173974 -10.2651547704828 11.8886028392438 3.61303483353997 1.67329881573818 -1.64764253046789
Oodectes_sp -23.9067534063852 3.89799984356077 -2.55863393352937 -2.50849764074257 -1.39115979690518 1.9042020483167
Orycteropus_afer 14.9870023590256 -9.81473554037688 5.22430977324234 -2.21348891400188 -0.634914931675602 1.7566785375172
Oryctolagus_cuniculus -13.1828641554799 2.47423646088059 8.10919626508026 -9.92137740845085 2.88454196921738 -10.2845308752004
Osbornodon_fricki -12.1845502650222 5.83895683351973 -4.84997250040212 -0.307552620397916 1.7621972366397 -1.43828414121578
Otolemur_crassicaudatus -15.0501792587666 13.4259925476976 3.70516971195888 -4.45539211505134 -9.40105570407502 0.368064193962148
Otomys_angoniensis 23.463161524516 -35.8152270785239 9.06525378411869 -6.28438610299827 9.40354129472414 -5.26096754206416
Paedotherium_chapadmalensis 0.82919308925034 6.41728041747746 10.2766637059493 -3.02021363157884 0.304622177502658 11.7677575753344
Pakicetus_attocki 31.8185374632663 1.10435939872649 5.85160688216556 -4.01573055243833 0.858920952643362 5.30823764021476
Palaeocastor_fossor 47.2964413221673 -38.6792453161107 2.90096011785244 -9.99948245153744 4.72963448734025 0.205176520679356
Palaeoprionodon_lamandini -17.9493310594303 3.384692224889 -8.01349198598309 4.78679130941254 -4.08646401186978 5.4411922764894
Palaeopropithecus_maximus -11.3283340670523 -7.30389068441393 -7.21454508826333 -15.4460828108699 4.46095512849034 -2.08703444583287
Pan_troglodytes -6.11394046632213 -33.7690015192669 8.03416250285199 -4.71358058164116 -10.090185407034 2.45034231943258
Papio_hamadryas -13.3224707064386 -11.5507138296066 1.48861557449602 -0.444982974028095 -7.56313473293281 0.446513535595934
Castoroides_kansensis 33.6423048988105 -50.6284619437705 3.07367135323281 -15.1517342896917 1.81593068169283 0.813844576885763
Paraceratherium_sp -2.60265271348005 14.446543114411 -0.0921165897774322 -11.3640347734732 5.51596463304392 -7.35107208294731
Paradoxurus_hermaphroditus -17.9105119504171 10.4985642166789 -12.8960088111491 1.65751487192281 -1.07014748396477 -1.74659434143565
Parahippus_tyleri 19.6611171677958 -2.87704353244578 4.60870912757632 3.65304389937625 6.62113653676751 0.62483051049587
Pedetes_capensis 16.2140699365874 -38.1194595973141 14.1110454917924 -19.2414712003526 1.41661997865569 -4.19130757097298
Petromus_typicus 31.238692017265 1.49926390732881 16.5222449077824 1.88811206467538 -2.5081555050657 -5.01479635290204
Petromyscus_shortridgei 26.6908127125727 -5.75841251548163 6.54466428546568 1.94982143037697 2.47678061923746 -1.18316619655639
Phenacocoelus_stouti -14.380080930515 16.5511105623007 -0.492704165916766 5.58856789350363 -2.02379750338838 10.4695642655101
Phocoena_phocoena -36.2033406492968 -15.7321004823147 2.5163838524846 23.9914222526352 -16.9785606846947 10.3590660046991
Physeter_macrocephalus 7.16332179349153 -3.61321910850697 4.75035959683137 -11.8881881101503 -8.17155483214184 13.0873294015738
Pipistrellus_hesperidus -8.64801063865241 0.207690811978123 -0.932430439014907 8.95132006380854 -12.4958051219722 0.601976835325762
Platanista_gangetica 24.0013856748855 -10.5722319341743 -1.03773824067352 -9.25547562862122 -6.14368463593725 6.60197312233984
Platygonus_compressus -7.04184842560286 -26.2430818424886 -0.673307143738741 -2.98786627060387 13.5763802394594 -6.74043849460038
Plesictis_lemanensis -11.3190783591303 5.84682070645745 2.84484683465928 5.3571234692069 -1.85067843803402 2.13840123600731
Pleurolestodon_aequidens -10.6591048358449 -3.85465118193891 6.68400782761088 3.51747882638256 0.603884946411198 2.12132488121257
Poebrotherium_sp -29.6797986053479 15.2752768975079 0.0535228055757527 -8.74058636835781 4.17990094865674 -2.17046550357
Pongo_pygmaeus -27.1300899381823 -43.9401614133429 -10.6127837920542 -5.22310886584329 -7.53754303034698 2.89574737746837
Pontoporia_blainvillei 3.16242165379125 13.9051114063709 -7.57297906083401 13.8588784852101 5.95462608885586 4.24479145731425
Potamogale_velox -17.1346573853394 16.5435598821319 -5.29909636598389 3.6100036336722 5.75000568278682 0.258018891155079
Potamotherium_valetoni 28.4604101796626 -2.25053266219179 -9.60477236790986 13.472119429897 -0.935198037755749 -0.739810784860428
Potos_flavus -7.67722045217328 4.23838791156856 2.23757565237557 6.0036792083565 -5.47410626383952 -4.31370589641011
Prionodon_pardicolor -13.9829868698007 8.258174494176 -9.5581133944839 6.34637368664781 1.95817006414233 0.549313666101688
Procavia_capensis 9.43737286933427 -18.7427014505704 -0.143751654700447 -14.0830968873563 3.09005008977128 -2.56049726776262
Prodeinotherium_hobleyi 28.5825922566141 -47.4438875838731 7.68264014740592 -8.72740079581705 4.44138339888743 0.0335852910993643
Proechimys_cuvieri 5.46245057188081 2.98902935407552 12.8130659500616 -3.08444320776255 1.52388582331745 -2.72198258392537
Proneotherium_repenningi -22.2485156861246 5.43242011933053 -3.1799397933918 11.206165113114 -3.73081800696194 4.84715595156967
Propalaehoplophorus_australis 43.1566611793213 -30.1417989814839 -1.07616545349956 -7.48117180019274 9.27318735855717 2.02827693555013
Proteles_cristata 2.69467545885576 7.13690825966784 -6.85705870447609 -0.413730445544019 -12.3328805570298 -4.61988088483516
Protosiren_sp 27.3125978065549 -22.7180386998049 8.63861922083784 0.464442330059212 2.84575647850248 0.503731629893154
Protypotherium_attenuatum 28.9083237504676 -11.9323836048807 -9.11308361280831 4.71151443534085 -10.2720462566003 8.34917433351224
Pseudorca_crassidens -27.3944426048632 -24.4816851752811 -2.41199522548855 15.3843410474475 -15.5041678409604 8.56025776747462
Pterodon_dasyuroides -0.807224654247842 14.0823923926891 -6.3089777658881 12.9643093116578 -4.96973405391569 12.2297664740184
Pteronarctos_goedertae -9.16297169524048 -3.30515671982482 -1.67384748044339 8.58112544490819 -7.6236507133196 1.84570793551791
Pteropus_niger 6.26759562010466 21.1094688666683 -22.1222901661817 3.72476329157348 -6.3380268349126 2.23443914378156
Ptilocercus_lowii -16.055442270387 22.494277307161 5.91954267240914 3.67519774355437 -2.02597561447435 0.338311004309913
Puelia_coarctatus -6.35302536301676 0.318124096354829 -19.9309643803481 0.722776226413635 7.45842754125289 9.89588629962872
Puma_concolor -23.5415692477223 1.33888464651328 -7.67406626775735 2.92932240971401 -14.5202593128855 -2.47950103969861
Ratufa_affinis 11.1292364660438 -3.26434932830989 8.28253596199878 -6.21721685829653 0.0321923484325683 -2.54516895019003
Reithrodontomys_megalotis 23.6101412276306 -12.8057244799257 11.8890453268262 0.503222119614012 1.10316814258496 -2.73757508534508
Rhinolophus_acuminatus -54.6667760926976 20.7246317085639 10.8083726184449 -0.342116209047342 -7.84722366799892 -2.44029986468058
Rhinonicteris_aurantia -48.2276094374923 7.83391474840497 1.90642301546032 3.7043407832286 -8.05355283887361 -6.60869235248265
Rhinopoma_hardwickii -23.2795057429633 12.0778737596345 -12.2780220457772 -0.882619542702826 -4.50486334247754 -6.67406702749137
Rhizomys_sinensis 33.2533566580998 -38.3876989104345 4.48640150881902 -10.2162027045694 -1.79483324912747 0.326954028801234
Rhynchocyon_petersi -0.998572888966895 20.3817840707923 0.6309175157658 4.17035931779437 0.636470299814195 5.7271538166108
Saccolaimus_saccolaimus -14.6730941017949 11.6895877723731 -4.40153871278462 8.39327875588008 -5.28981856779334 -5.00255422620539
Saiga_tatarica -8.9014224321099 -22.8621963223665 1.95290306372198 1.31347542103771 -0.970186217631083 2.33284349347309
Saimiri_sciureus -20.9213691067372 -11.1889358496789 2.93374098750687 -5.20718711603348 -8.35263291661593 2.91003794962421
Scalopus_aquaticus -5.81970651826362 18.7308479732368 -8.67032331603844 0.872382247409497 -4.81933452880368 5.53698398178443
Scelidotherium_sp -7.20637991809054 3.74173138151683 -10.4676059562534 2.15928719687123 4.4628761840185 -2.94044135752147
Schizodelphis_morckhoviensis 38.4110631030968 17.1948590229554 18.3043081728615 1.73005443664437 2.39143814265781 2.77049749370365
Sigmodon_leucotis 17.1322121550077 -18.4923753475671 8.40265903155643 -1.13917212766429 1.62240818655086 -1.02182205486454
Sinorhinus_cornutus -16.0829578013652 -22.88893644088 -5.07413475201032 -12.153654800765 5.81887657870874 -7.1409461935429
Smilodon_sp -20.5082046188028 -21.6327321172461 -6.79552072213534 4.18429974747279 -8.81527014958946 4.65443704618218
Solenodon_paradoxus -11.4002688600262 15.7566451605869 10.0248354171467 5.35379205352873 0.11195834548457 1.97007749427723
Sorex_monticolus -30.7040128374508 20.9952866246537 5.69360314899052 9.49115126863833 -0.365546054537243 4.06930483631623
Spalax_leucodon 33.0363209364723 -44.0119427336814 6.39101736384295 -0.883089332029605 9.87501771744885 -1.09692447823344
Coendou_spinosus 14.4084498688125 -17.7213139649204 10.0299434631771 -12.7406807307561 -0.158874555938971 -5.73861386628491
Stegotherium_tesselatum 7.2550667309058 6.95160230220495 -27.3963515283353 1.84092938422229 7.10516658311 3.68150109225637
Steno_bredanensis -27.9476461923677 -10.4801778400751 9.98352637908046 17.9043956387967 5.5704332777877 4.53970146576653
Stenopsochoerus_sternbergi 22.9754708733067 -1.98746111899397 9.64778676655876 5.44431864043612 4.00278580244877 -0.250646526367505
Stromeriella_franconica -23.0994949063105 4.62942676070706 1.10744373200693 2.30177292582321 0.0688163976398625 2.09904107237773
Sus_scrofa 6.26196055106807 -31.3944600266089 15.7294988104357 6.19831858347227 -5.2858726293621 2.41187850750594
Syndyoceras_cooki -25.6844415184444 6.78606853967493 -0.00116692277109477 -9.52551583215677 8.66424819699431 -3.8263424675697
Tachyoryctes_splendens 32.0242574343937 -46.238158984243 5.68175486416864 -9.53585261205521 4.48817025753523 -1.6879800573062
Tadarida_brasiliensis -17.9343596441581 9.53834403668541 8.01254247878338 7.4385938852372 -9.89450632710022 -1.68785020417244
Talpa_occidentalis -13.6230972095382 20.3568775825211 3.42443259133192 4.01971893888752 -0.976814366550511 5.04382834046167
Tamandua_tetradactyla 22.1295247531758 22.1533320291148 -28.321745744409 20.2168434399727 -6.6262143179239 -4.61958174962694
Tamias_striatus 20.8963596856095 4.69039291631447 9.15867392115784 6.61685906076306 0.251632109182546 -2.64142505280144
Tamiasciurus_douglasii 20.8204348673047 -4.58538736571818 13.5728286750277 9.26826857756374 0.123021565963784 -0.716006730033037
Tapirus_terrestris 0.733471987186266 -34.9356124093773 -3.57580384143675 -11.4145778170011 -8.47954688341261 -5.63233029596933
Tarsius_tarsier -14.0347925838476 10.9373637272482 -1.35702013868615 3.21885556746776 -3.87067437993889 0.303678080647045
Taxidea_taxus 12.7745311568957 4.8055724972522 -12.1151986711973 9.09825068702318 -5.01524637722549 -0.545087021842437
Tayassu_pecari 17.2759301739128 -16.7961786385888 -10.0458703229969 6.40501007380684 8.68714828548282 0.332326292335753
Teleoceras_medicornutus -3.68593257816494 -23.8386331915983 -2.82908312319942 -24.1584840169327 8.23483775036355 -9.26232039570451
Tenrec_ecaudatus -9.07775099158507 17.0400876200914 -8.05930059382507 4.769204100486 8.25523797825982 1.79255114390746
Tetracerus_quadricornis -15.2691599519197 -4.45073089729934 5.99998410536993 0.983617764229762 1.91460380987383 4.46957926695354
Thalassocnus_sp -37.3495615676069 -3.0127179707363 -1.13086174219147 1.82449317753806 3.08021088562465 -0.016328605622792
Thoatherium_minisculum -4.0413449806936 4.48423961305535 -5.71523806193904 -8.48126827707706 6.33341260062557 -2.61726392643344
Thomomys_talpoides 34.0227346558032 -50.718057148017 13.4845282430504 8.78847586100698 10.1926298562059 -0.890680589333901
Thryonomys_swinderianus 12.842575455692 -26.3078726658456 0.932889377453278 -7.14317067247339 0.0482763685326317 -5.65378512111801
Thyroptera_tricolor -10.9608147575283 6.78805048003328 -24.4386127735936 7.47841405793173 -0.106407923194978 -4.01150580809851
Tolypeutes_tricinctus 30.5330247222962 1.68488452776965 -0.202220416592521 2.85946288615048 1.3363184828623 0.616155706339864
Tomopeas_ravus -14.6440733451593 13.9587870709176 8.19683307053296 11.5264706943755 -13.9092720749482 2.71255611856609
Tragelaphus_scriptus -15.7985426440007 -7.87785170287448 3.99501977726523 -0.416994534726047 -1.29537621985791 -1.83859685228326
Tragulus_javanicus 30.0835999501705 -9.89583027892326 -6.94411620838227 10.1864637865999 -2.91426653360087 -2.09387735686706
Trichechus_senegalensis 25.9280527765969 -28.38212014181 13.4627166708823 -4.68961368126215 3.99872821219087 -7.52290598621438
Trogosus_grangeri -17.4458599497474 -12.7527808978857 -7.91997891489998 -7.45312976420621 4.30757575929311 -1.77525419898798
Tupaia_glis -5.18026814911791 20.4225560138744 -12.3572403915199 -2.88371986878 -3.80609141905458 7.66823968776362
Tursiops_truncatus -39.2366870153035 -19.5027422319322 13.062868101014 18.8306864279995 -10.0541103065878 2.01649509337962
Tylomys_nudicaudus 21.2312796735246 -9.14019505769593 14.3829845597469 -5.90378820363602 2.4243834181059 -2.77858871356118
Tympanoctomys_barrerae -6.61487623365567 -16.4770986908042 15.0137350692936 -4.51824644702235 6.27200192978659 -5.16524866910253
Uintatherium_anceps -11.9528869663615 -6.55900167730653 2.51185845673424 -2.19208069251789 6.68316566071175 -4.45876717037724
Ictidomys_tridecemlineatus 29.3979911620645 2.03538396884221 12.9972261467088 6.42083512451904 -3.12799993798723 3.11726151132504
Vampyrum_spectrum -23.6995650581209 15.954380444568 1.07600369718028 6.04605402978246 2.50031940254433 4.18463009817341
Viverra_tangalunga -6.93722302439276 5.01903417565716 -1.75170280962796 7.01359199093769 3.36338326256537 8.22273126642953
Vulpes_pallida -12.6171921261092 1.29321629527738 -0.788363213860184 2.35212570810451 1.43142484734915 3.04747056598298
Xiphiacetus_bossi 33.5901409780654 16.7983444372908 8.44858133247467 7.52447511222964 0.937439521556729 2.75004113031317
Zalophus_californianus -1.7722682095742 -2.14467961818346 1.03971930377345 2.42665285046054 -0.158855249563163 -0.619505793936314
Zapus_hudsonius 15.4959958613888 -8.37785052291604 13.040258319047 -1.57083964477995 1.38295540091991 -5.65454873811498
Zodiolestes_sp -9.43314991730815 9.04261233809773 4.93747794677524 6.54598023912342 -0.420697784637874 3.8773565488189
